Iter	hps	sum	rrse	rrae	corr	smape	valid rse	valid r2	valid mase	valid smape	valid mape	valid mse	valid mae	valid rmse	valid rae	valid hist_rse	valid global_rse	valid corr	test rse	test r2	test mase	test smape	test mape	test mse	test mae	test rmse	test rae	test hist_rse	test global_rse	test corr	best_epoch
0	[1, 0.0005, 12, 12, 24, 64, 15, 0.6, 1, 20, 0.1, 3, 2, True]	1.4997102	1.4997102	1.460879	0.5117168	0.025399316	1.4997102	-2.1114998	0.438746	0.025399316	0.0506367	0.07211563	0.18509611	0.234055	1.460879	0.225669	2.098725	0.5117168	1.6295376	-2.9180205	0.522887	0.027061146	0.054027576	0.08564011	0.20620735	0.270891	1.6511893	0.279456	1.931109	0.3772288	25
1	[1, 0.0003, 8, 8, 32, 32, 9, 0.5, 2, 10, 0.05, 1, 2, True]	1.5211818	1.5211818	1.5177097	0.5577411	0.02506524	1.5211818	-2.0505326	0.427830	0.02506524	0.04964556	0.065569274	0.18043797	0.224734	1.5177097	0.217023	2.001203	0.5577411	1.5961901	-2.941881	0.507413	0.02601579	0.051948804	0.079535246	0.20089789	0.260211	1.6342071	0.265971	1.861006	0.4428366	33
2	[2, 0.0005, 12, 8, 16, 64, 5, 0.5, 1, 64, 0.1, 3, 3, True]	1.4610295	1.4610295	1.4463031	0.5406183	0.0251107	1.4610295	-2.0079193	0.428681	0.0251107	0.049534842	0.06841395	0.17979963	0.227639	1.4463031	0.220697	2.044152	0.5406183	1.5668236	-2.6980944	0.507697	0.026268143	0.05234011	0.07824292	0.19898544	0.258069	1.6019682	0.267706	1.845825	0.43832436	24
3	[1, 0.0005, 8, 12, 24, 32, 20, 0.6, 2, 30, 0.1, 3, 2, True]	1.4880317	1.4880317	1.4744296	0.53314847	0.025165217	1.4880317	-2.000997	0.422811	0.025165217	0.049185473	0.06881077	0.17917635	0.226434	1.4744296	0.216333	2.050072	0.53314847	1.5655404	-2.5459216	0.512788	0.026308298	0.05225051	0.081308484	0.20215267	0.263599	1.5972507	0.272296	1.881638	0.4180238	23
4	[1, 0.0008, 12, 12, 16, 32, 15, 0.6, 2, 10, 0.05, 3, 2, True]	1.4755434	1.4755434	1.4572877	0.3532552	0.028890666	1.4755434	-2.216132	0.435561	0.028890666	0.050426006	0.06802574	0.18381067	0.229232	1.4572877	0.221045	2.038344	0.3532552	1.5799676	-1.9018533	0.585559	0.02953157	0.056663297	0.11878705	0.23286667	0.306679	1.5773116	0.311680	2.274325	0.21439998	3
5	[2, 0.0005, 12, 12, 24, 48, 7, 0.6, 2, 64, 0.05, 1, 2, True]	1.5393748	1.5393748	1.5106851	0.5210907	0.02537333	1.5393748	-2.2672431	0.434257	0.02537333	0.049980413	0.06774941	0.18296067	0.230407	1.5106851	0.221966	2.034200	0.5210907	1.6481993	-3.1383708	0.521999	0.026774798	0.05361071	0.08507844	0.2070188	0.269113	1.6750373	0.273760	1.924765	0.40422517	38
6	[2, 0.0003, 12, 12, 24, 48, 15, 0.4, 2, 30, 0.1, 1, 2, True]	1.5230014	1.5230014	1.4957904	0.54791063	0.025041312	1.5230014	-2.06356	0.425358	0.025041312	0.049256623	0.06636583	0.17961499	0.226450	1.4957904	0.218442	2.013321	0.54791063	1.6351278	-3.0505714	0.517047	0.026379641	0.05265658	0.084722504	0.20480014	0.267893	1.6600724	0.272576	1.920735	0.40445358	84
7	[1, 0.0008, 8, 16, 16, 32, 5, 0.6, 1, 40, 0.05, 3, 2, True]	1.4748255	1.4748255	1.4623835	0.5458881	0.024907226	1.4748255	-1.9932716	0.426549	0.024907226	0.04935801	0.06824004	0.18011048	0.227379	1.4623835	0.219258	2.041552	0.5458881	1.5574005	-2.6283078	0.500954	0.02582947	0.051476277	0.076635405	0.19617906	0.256288	1.5891949	0.264897	1.826765	0.43354473	16
8	[1, 0.0005, 12, 12, 16, 48, 15, 0.4, 2, 40, 0.1, 0.1, 2, True]	1.5398477	1.5398477	1.5154253	0.3860114	0.028669244	1.5398477	-2.1716235	0.432388	0.028669244	0.05018089	0.06477405	0.18124552	0.225016	1.5154253	0.218411	1.989030	0.3860114	1.5936822	-2.245481	0.560174	0.02883252	0.056083415	0.10245688	0.22264467	0.290198	1.5999285	0.295411	2.112217	0.33279812	4
9	[2, 0.0008, 12, 12, 16, 32, 9, 0.6, 1, 64, 0.2, 3, 2, True]	1.5507039	1.5507039	1.5315069	0.5546547	0.02518906	1.5507039	-2.257804	0.432429	0.02518906	0.05002304	0.06794108	0.18245673	0.229150	1.5315069	0.220837	2.037075	0.5546547	1.5961553	-2.8896966	0.508873	0.025884079	0.05168987	0.08029144	0.2012519	0.260737	1.6321048	0.265828	1.869832	0.43494093	35
10	[2, 0.0005, 8, 8, 32, 64, 5, 0.5, 1, 64, 0.2, 0.1, 3, True]	1.4627839	1.4627839	1.4371495	0.4270897	0.028896771	1.4627839	-2.1673281	0.429690	0.028896771	0.049838502	0.06425217	0.17998508	0.224310	1.4371495	0.217700	1.981001	0.4270897	1.5371424	-1.8531668	0.568967	0.028804554	0.055391338	0.104958765	0.22469684	0.290679	1.5454583	0.296915	2.137851	0.33400497	2
11	[2, 0.0005, 8, 8, 32, 64, 5, 0.5, 1, 64, 0.2, 0.1, 3, True]	1.4673139	1.4673139	1.4389678	0.31926408	0.029891727	1.4673139	-1.856357	0.421145	0.029891727	0.048973575	0.064829044	0.17673913	0.220520	1.4389678	0.214155	1.989875	0.31926408	1.583073	-1.7710814	0.603861	0.030716693	0.05853134	0.13246493	0.24051349	0.318184	1.5796925	0.323923	2.401698	0.17661299	3
12	[2, 0.0005, 8, 8, 32, 64, 5, 0.5, 1, 64, 0.2, 0.1, 3, True]	1.4864618	1.4864618	1.4449917	0.5051985	0.025695248	1.4864618	-1.9045871	0.430501	0.025695248	0.049853977	0.073090985	0.18237546	0.231499	1.4449917	0.221424	2.112870	0.5051985	1.5795962	-2.5515666	0.520829	0.027079333	0.053795464	0.085613005	0.20571993	0.270208	1.6022524	0.277997	1.930803	0.39527264	17
13	[2, 0.0005, 8, 8, 32, 64, 5, 0.5, 1, 64, 0.2, 0.1, 3, True]	1.4743593	1.4743593	1.464083	0.53523433	0.025049988	1.4743593	-1.9283875	0.424641	0.025049988	0.049204186	0.06529211	0.17839804	0.224434	1.464083	0.217099	1.996969	0.53523433	1.5733078	-2.6341085	0.514636	0.026317315	0.052266665	0.08108064	0.20278642	0.263153	1.610508	0.271772	1.878999	0.41436565	19
14	[2, 0.0005, 12, 8, 32, 64, 5, 0.5, 1, 20, 0.2, 0.1, 3, True]	1.4793038	1.4793038	1.4556066	0.5315458	0.025281532	1.4793038	-2.0452917	0.436147	0.025281532	0.050055977	0.06649378	0.18132687	0.229285	1.4556066	0.223835	2.015261	0.5315458	1.6334223	-2.9204788	0.531947	0.027305996	0.054400023	0.08749223	0.2103474	0.272484	1.6671978	0.280348	1.951879	0.38530573	38
15	[2, 0.0003, 8, 16, 16, 64, 20, 0.5, 1, 64, 0.1, 3, 3, True]	1.494653	1.494653	1.4848548	0.5425163	0.025231272	1.494653	-1.9482944	0.426063	0.025231272	0.049622256	0.06797977	0.18015642	0.225497	1.4848548	0.217010	2.037655	0.5425163	1.5631486	-2.6353164	0.504606	0.026003595	0.051801976	0.07899896	0.19989511	0.260053	1.5986518	0.267302	1.854722	0.44532034	44
16	[2, 0.0005, 8, 8, 16, 64, 7, 0.5, 1, 64, 0.1, 0.1, 3, True]	1.4810659	1.4810659	1.4637122	0.53864855	0.024964688	1.4810659	-1.9498193	0.424447	0.024964688	0.04919339	0.06740701	0.17935081	0.226125	1.4637122	0.217164	2.029053	0.53864855	1.584764	-2.6882658	0.516195	0.026590923	0.0529455	0.08189968	0.20330556	0.264761	1.619856	0.272992	1.888466	0.4245763	39
17	[2, 0.0005, 12, 8, 32, 64, 5, 0.4, 1, 64, 0.2, 3, 3, True]	1.5071913	1.5071913	1.4768859	0.52454555	0.025358697	1.5071913	-2.0748935	0.431929	0.025358697	0.05006206	0.06902739	0.1814833	0.229491	1.4768859	0.220606	2.053296	0.52454555	1.5849441	-2.8538668	0.507590	0.026483582	0.05305964	0.078484096	0.19968584	0.259037	1.6182282	0.267245	1.848668	0.44705895	26
18	[2, 0.0003, 12, 8, 32, 64, 5, 0.5, 1, 20, 0.2, 0.1, 3, True]	1.5248694	1.5248694	1.4879677	0.50915587	0.025519367	1.5248694	-2.067364	0.433955	0.025519367	0.050190974	0.07137619	0.18328947	0.231654	1.4879677	0.222818	2.087938	0.50915587	1.6231649	-2.8313632	0.525741	0.027046127	0.05390697	0.08618788	0.20862241	0.272326	1.6463684	0.278684	1.937274	0.38471702	56
19	[2, 0.0008, 8, 16, 16, 64, 5, 0.5, 1, 40, 0.1, 1, 3, True]	1.5083747	1.5083747	1.4991257	0.516512	0.025541669	1.5083747	-2.0546324	0.428174	0.025541669	0.04931359	0.06908629	0.18030803	0.228659	1.4991257	0.219882	2.054172	0.516512	1.5957069	-2.7515323	0.515563	0.02659449	0.053043906	0.08001659	0.20312405	0.262910	1.6367571	0.271340	1.866629	0.40916315	21
20	[2, 0.0005, 12, 8, 32, 48, 7, 0.5, 1, 30, 0.2, 3, 3, True]	1.526002	1.526002	1.4940915	0.53602767	0.024902977	1.526002	-2.11807	0.427622	0.024902977	0.04939699	0.06706032	0.17941423	0.227279	1.4940915	0.220118	2.023828	0.53602767	1.6189557	-2.9396498	0.516751	0.026356805	0.052586447	0.08382536	0.20457341	0.267578	1.6387383	0.273774	1.910538	0.41662195	35
21	[2, 0.0005, 8, 8, 32, 64, 5, 0.5, 1, 64, 0.2, 0.1, 3, True]	1.4226412	1.4226412	1.425039	0.4308977	0.029968621	1.4226412	-1.9911264	0.425789	0.029968621	0.049499746	0.06545492	0.1793067	0.223259	1.425039	0.215324	1.999457	0.4308977	1.5247558	-1.686484	0.593947	0.030376287	0.058206912	0.11681368	0.23617682	0.299463	1.546804	0.305964	2.255355	0.3549376	3
22	[2, 0.0005, 8, 8, 32, 64, 5, 0.5, 1, 64, 0.2, 0.1, 3, True]	1.4920459	1.4920459	1.4753175	0.53828406	0.025477434	1.4920459	-1.9961387	0.430166	0.025477434	0.049864374	0.07019112	0.18239382	0.229544	1.4753175	0.219974	2.070532	0.53828406	1.557898	-2.5751927	0.508596	0.026200596	0.052192725	0.08010823	0.20034787	0.260754	1.5897506	0.268397	1.867698	0.43415287	21
23	[2, 0.0005, 8, 8, 32, 64, 5, 0.5, 1, 64, 0.2, 0.1, 3, True]	1.4834327	1.4834327	1.4702362	0.56225073	0.024814602	1.4834327	-1.9872658	0.424562	0.024814602	0.049215008	0.06697137	0.17959061	0.225411	1.4702362	0.216913	2.022486	0.56225073	1.5852549	-2.856503	0.503895	0.025983108	0.05189818	0.076928735	0.1976706	0.256171	1.623743	0.264803	1.830258	0.43721583	34
24	[2, 0.0005, 8, 8, 32, 64, 5, 0.5, 1, 64, 0.2, 0.1, 3, True]	1.5080674	1.5080674	1.5004514	0.5722876	0.024817826	1.5080674	-2.1791131	0.432527	0.024817826	0.049866464	0.06784297	0.18215741	0.229165	1.5004514	0.221309	2.035604	0.5722876	1.5684228	-2.6624932	0.508804	0.02588283	0.051476542	0.07955425	0.19993041	0.260134	1.6001173	0.267920	1.861229	0.43111953	18
25	[2, 0.0005, 8, 8, 16, 64, 20, 0.4, 1, 10, 0.1, 0.1, 3, True]	1.5302429	1.5302429	1.5183537	0.53202987	0.025279956	1.5302429	-2.1122327	0.432652	0.025279956	0.050149657	0.066307165	0.18153045	0.227492	1.5183537	0.220250	2.012431	0.53202987	1.6230346	-3.0542724	0.511494	0.026400646	0.052883845	0.08006922	0.20160985	0.262375	1.6573148	0.269171	1.867243	0.41732895	32
26	[2, 0.0005, 8, 16, 32, 64, 9, 0.5, 1, 64, 0.2, 0.1, 3, True]	1.5200292	1.5200292	1.4961284	0.5369312	0.02519038	1.5200292	-2.5197363	0.438575	0.02519038	0.050706882	0.07153788	0.186048	0.233078	1.4961284	0.224382	2.090301	0.5369312	1.642937	-2.9328876	0.526900	0.026736764	0.053528443	0.092453465	0.21237946	0.276388	1.6722573	0.277866	2.006456	0.3921627	58
27	[2, 0.0005, 8, 8, 32, 64, 5, 0.5, 1, 64, 0.2, 0.1, 3, True]	1.5152543	1.5152543	1.4940594	0.5312938	0.025055697	1.5152543	-2.2144554	0.431910	0.025055697	0.050164666	0.06813142	0.18173334	0.229329	1.4940594	0.220353	2.039927	0.5312938	1.6038601	-2.972832	0.509762	0.026520263	0.05324035	0.07914245	0.20043679	0.260514	1.6360003	0.270028	1.856405	0.43261167	15
28	[2, 0.0003, 12, 8, 24, 48, 5, 0.5, 1, 64, 0.05, 1, 3, True]	1.4742948	1.4742948	1.4454805	0.5226474	0.025414215	1.4742948	-1.8172085	0.427159	0.025414215	0.049784604	0.07008861	0.18059383	0.227440	1.4454805	0.218415	2.069019	0.5226474	1.5791321	-2.612723	0.519858	0.026752176	0.053028278	0.08422803	0.20398714	0.267520	1.6018361	0.277335	1.915122	0.39858103	34
29	[1, 0.0008, 12, 8, 16, 64, 5, 0.4, 1, 20, 0.1, 3, 3, True]	1.4983234	1.4983234	1.4710182	0.54187876	0.024843553	1.4983234	-2.279045	0.432180	0.024843553	0.049960013	0.067810796	0.18230517	0.229271	1.4710182	0.221012	2.035121	0.54187876	1.6019168	-2.896534	0.506720	0.026033303	0.052010722	0.079008706	0.19965976	0.260588	1.6245975	0.267996	1.854836	0.42249984	23
30	[2, 0.0005, 8, 16, 24, 64, 7, 0.5, 1, 10, 0.1, 3, 3, True]	1.5047885	1.5047885	1.5007403	0.552169	0.025105713	1.5047885	-2.2712355	0.434086	0.025105713	0.050220992	0.06896093	0.18354507	0.229106	1.5007403	0.220907	2.052307	0.552169	1.5663009	-2.7022088	0.500250	0.025667245	0.051135372	0.076172404	0.19715351	0.255766	1.6032026	0.262653	1.821239	0.44830242	20
31	[2, 0.0005, 8, 8, 32, 64, 5, 0.5, 1, 64, 0.2, 0.1, 3, True]	1.4978408	1.4978408	1.4803023	0.54888207	0.024942217	1.4978408	-2.1427484	0.430338	0.024942217	0.049745325	0.067380525	0.18063378	0.226788	1.4803023	0.219919	2.028654	0.54888207	1.6102635	-2.9285161	0.508963	0.026048427	0.052122347	0.080128744	0.20091909	0.262012	1.6398014	0.268560	1.867937	0.42985997	45
32	[2, 0.0005, 8, 8, 32, 64, 5, 0.5, 1, 64, 0.2, 0.1, 3, True]	1.456869	1.456869	1.4508674	0.53983873	0.025084145	1.456869	-1.9079221	0.424856	0.025084145	0.04944775	0.06740617	0.17878747	0.223889	1.4508674	0.216131	2.029040	0.53983873	1.5714949	-2.5865893	0.513989	0.026515326	0.052682664	0.08151264	0.20307735	0.264167	1.6069863	0.272527	1.883998	0.41962174	24
33	[2, 0.0005, 8, 8, 32, 64, 9, 0.5, 1, 64, 0.2, 0.1, 3, True]	1.4934899	1.4934899	1.4635888	0.54315007	0.025115183	1.4934899	-1.9259187	0.426105	0.025115183	0.049375255	0.065879926	0.17902154	0.224560	1.4635888	0.217599	2.005938	0.54315007	1.5815575	-2.726069	0.507781	0.026146494	0.05215263	0.07992288	0.2003293	0.260695	1.6130022	0.267661	1.865536	0.4358655	42
34	[1, 0.0005, 8, 8, 32, 32, 20, 0.5, 1, 30, 0.2, 0.1, 3, True]	1.4922626	1.4922626	1.4784925	0.554834	0.024902487	1.4922626	-2.0491126	0.427470	0.024902487	0.049366176	0.06654027	0.18001533	0.226172	1.4784925	0.218737	2.015966	0.554834	1.5984987	-2.9142752	0.509747	0.026239358	0.052353904	0.079338096	0.20004581	0.260016	1.6315032	0.268691	1.858698	0.43624985	28
35	[2, 0.0005, 8, 8, 32, 64, 5, 0.6, 1, 64, 0.05, 1, 3, True]	1.4957123	1.4957123	1.4756265	0.35114178	0.028237754	1.4957123	-2.1045904	0.432126	0.028237754	0.050191	0.069645986	0.18206526	0.228902	1.4756265	0.220478	2.062476	0.35114178	1.6212288	-2.1178658	0.593165	0.030145157	0.05832433	0.12083173	0.23753124	0.310522	1.6353042	0.315886	2.293816	0.16930114	4
36	[1, 0.0003, 8, 8, 24, 32, 15, 0.5, 1, 10, 0.2, 3, 3, True]	1.4448113	1.4448113	1.4508387	0.43177298	0.028289841	1.4448113	-1.987934	0.430815	0.028289841	0.050076425	0.063992776	0.18073967	0.223485	1.4508387	0.215898	1.976999	0.43177298	1.5254332	-1.9164497	0.559324	0.028477894	0.055186696	0.0980251	0.22079083	0.282338	1.5527018	0.289808	2.066030	0.35235447	7
37	[1, 0.0003, 12, 12, 24, 32, 15, 0.5, 1, 10, 0.05, 3, 2, True]	1.4969323	1.4969323	1.4818738	0.5374612	0.025434773	1.4969323	-1.9501128	0.427282	0.025434773	0.04977219	0.068160914	0.18064539	0.226038	1.4818738	0.217364	2.040368	0.5374612	1.5593734	-2.6702597	0.502591	0.02606625	0.052028794	0.07682648	0.19737364	0.256409	1.5931551	0.264669	1.829041	0.4487023	43
38	[1, 0.0003, 8, 8, 24, 32, 15, 0.6, 1, 40, 0.1, 3, 3, True]	1.5034053	1.5034053	1.4875718	0.5444184	0.025014503	1.5034053	-1.9620125	0.424472	0.025014503	0.049471464	0.068342134	0.17981105	0.225334	1.4875718	0.215779	2.043079	0.5444184	1.5709293	-2.721167	0.507345	0.026213262	0.052418772	0.07837858	0.19975118	0.258417	1.6121236	0.267043	1.847425	0.4382543	58
39	[1, 0.0003, 12, 12, 24, 32, 15, 0.4, 1, 10, 0.2, 3, 2, True]	1.4919971	1.4919971	1.4671655	0.5412425	0.025019644	1.4919971	-1.947171	0.422968	0.025019644	0.04925038	0.06666282	0.17780954	0.224000	1.4671655	0.216578	2.017821	0.5412425	1.5755488	-2.6539133	0.508855	0.0262545	0.05230307	0.07943498	0.20055494	0.261225	1.6022627	0.270053	1.859833	0.4193624	30
40	[1, 0.0003, 8, 8, 24, 32, 15, 0.5, 1, 10, 0.1, 3, 2, True]	1.508219	1.508219	1.4884156	0.43868828	0.028861485	1.508219	-2.4106088	0.436731	0.028861485	0.05081286	0.06861906	0.18504162	0.230686	1.4884156	0.221459	2.047214	0.43868828	1.5979043	-2.2276528	0.570288	0.029192979	0.056595527	0.104913145	0.22628154	0.293479	1.6061325	0.299200	2.137386	0.35119548	8
41	[1, 0.0008, 8, 8, 24, 32, 15, 0.5, 1, 10, 0.2, 3, 3, True]	1.4957423	1.4957423	1.4934639	0.342327	0.02890562	1.4957423	-2.0648036	0.421052	0.02890562	0.048989706	0.06361558	0.17719094	0.221575	1.4934639	0.214309	1.971163	0.342327	1.6054746	-2.1154447	0.589742	0.02987749	0.05792061	0.11369675	0.2344049	0.303028	1.6209457	0.308677	2.225062	0.2186721	3
42	[1, 0.0003, 8, 8, 16, 48, 5, 0.5, 1, 30, 0.2, 0.1, 3, True]	1.5326549	1.5326549	1.5210103	0.55572957	0.02516241	1.5326549	-2.1115072	0.428936	0.02516241	0.049808323	0.0654992	0.18033876	0.224947	1.5210103	0.218007	2.000133	0.55572957	1.6199172	-3.0902243	0.508277	0.025939852	0.051840495	0.080686994	0.20190464	0.261649	1.6541597	0.265660	1.874433	0.4348519	101
43	[2, 0.0005, 8, 8, 32, 32, 5, 0.5, 1, 64, 0.2, 1, 3, True]	1.5175732	1.5175732	1.502324	0.5226268	0.025470825	1.5175732	-2.2561917	0.435988	0.025470825	0.050351422	0.070073105	0.18385158	0.231247	1.502324	0.223118	2.068791	0.5226268	1.595461	-2.7895243	0.516134	0.02646705	0.052760497	0.08054328	0.20288989	0.263025	1.6280293	0.270563	1.872762	0.4187929	43
44	[2, 0.0005, 8, 8, 16, 64, 9, 0.6, 1, 20, 0.2, 3, 3, True]	1.5019845	1.5019845	1.5208089	0.48053578	0.028104348	1.5019845	-2.2103834	0.430545	0.028104348	0.049976543	0.06401353	0.18044534	0.223250	1.5208089	0.216469	1.977319	0.48053578	1.5486398	-2.1844296	0.546489	0.027774928	0.05412597	0.091277815	0.21618326	0.276339	1.5837034	0.282298	1.993658	0.40526104	4
45	[1, 0.0005, 8, 8, 24, 64, 15, 0.5, 1, 64, 0.2, 0.1, 3, True]	1.4748051	1.4748051	1.4695226	0.38291162	0.028528485	1.4748051	-2.0808504	0.427118	0.028528485	0.049649436	0.06447862	0.17925897	0.223260	1.4695226	0.216050	1.984489	0.38291162	1.5435737	-1.9768795	0.564456	0.028850209	0.05587901	0.099928536	0.2236898	0.285253	1.5641214	0.291320	2.085993	0.32991144	3
46	[2, 0.0008, 12, 12, 32, 48, 5, 0.5, 1, 10, 0.05, 3, 3, True]	1.4830428	1.4830428	1.459785	0.5291671	0.025540086	1.4830428	-2.0197322	0.428725	0.025540086	0.049691867	0.06932843	0.18147683	0.228518	1.459785	0.219344	2.057769	0.5291671	1.5718173	-2.7594712	0.508524	0.026477346	0.052757684	0.078192465	0.19956642	0.258529	1.6032252	0.267423	1.845230	0.44340754	12
47	[2, 0.0003, 8, 16, 16, 64, 20, 0.5, 1, 40, 0.2, 0.1, 2, True]	1.4682144	1.4682144	1.4458709	0.52121866	0.025237864	1.4682144	-1.9463435	0.424579	0.025237864	0.04959323	0.07517461	0.181323	0.230395	1.4458709	0.218175	2.142775	0.52121866	1.5778124	-2.7583683	0.515958	0.026871946	0.053626597	0.08388101	0.20357944	0.265244	1.6069183	0.274873	1.911172	0.44623756	29
48	[2, 0.0005, 8, 8, 32, 32, 7, 0.5, 1, 64, 0.2, 0.1, 3, True]	1.4782597	1.4782597	1.4619579	0.41805002	0.028947292	1.4782597	-2.0083377	0.424646	0.028947292	0.049435463	0.06396147	0.17893253	0.221354	1.4619579	0.214121	1.976515	0.41805002	1.5673531	-1.9346427	0.576900	0.029247897	0.056434095	0.10918917	0.22855015	0.297023	1.5696326	0.303658	2.180509	0.2998673	4
49	[1, 0.0005, 12, 8, 24, 64, 5, 0.6, 1, 64, 0.1, 3, 3, True]	1.4740561	1.4740561	1.4568398	0.53752065	0.02490448	1.4740561	-1.9783576	0.427794	0.02490448	0.04938111	0.06575205	0.18031865	0.225217	1.4568398	0.217528	2.003990	0.53752065	1.5908239	-2.7148812	0.513600	0.026404476	0.05269482	0.08061946	0.20261271	0.263269	1.6231368	0.270997	1.873648	0.40091485	42
50	[2, 0.0005, 8, 8, 32, 64, 5, 0.4, 1, 64, 0.2, 1, 3, True]	1.4940283	1.4940283	1.4731965	0.5523365	0.024811864	1.4940283	-2.2251437	0.430910	0.024811864	0.04976863	0.06798797	0.18135571	0.228261	1.4731965	0.220588	2.037778	0.5523365	1.5965468	-2.8238676	0.511928	0.026208546	0.05227634	0.08067691	0.20125769	0.262198	1.63069	0.269935	1.874315	0.41998094	44
51	[2, 0.0005, 8, 8, 32, 64, 5, 0.5, 1, 64, 0.2, 0.1, 3, True]	1.499626	1.499626	1.464946	0.523264	0.025180224	1.499626	-2.022177	0.424287	0.025180224	0.04920979	0.06859312	0.17943293	0.227767	1.464946	0.218845	2.046827	0.523264	1.6087472	-2.8956435	0.514935	0.026530622	0.052930135	0.081728294	0.20296097	0.264890	1.6325971	0.273244	1.886489	0.41500148	27
52	[2, 0.0005, 8, 8, 32, 64, 5, 0.5, 1, 64, 0.2, 0.1, 3, True]	1.5076233	1.5076233	1.4773399	0.53177136	0.025229951	1.5076233	-2.1510298	0.437184	0.025229951	0.050338995	0.070472166	0.18419114	0.231301	1.4773399	0.223282	2.074673	0.53177136	1.5920618	-2.7321317	0.517597	0.026475387	0.05277306	0.08283739	0.20394236	0.265058	1.6236899	0.272671	1.899246	0.425028	42
53	[2, 0.0005, 8, 8, 32, 64, 5, 0.5, 1, 64, 0.2, 0.1, 3, True]	1.5134931	1.5134931	1.498836	0.5358275	0.025536304	1.5134931	-2.0467577	0.433256	0.025536304	0.050301064	0.06706289	0.18214068	0.227625	1.498836	0.219955	2.023867	0.5358275	1.5858623	-2.8053591	0.508746	0.026271518	0.052440833	0.07816312	0.19985726	0.258708	1.618459	0.267279	1.844884	0.43093765	22
54	[2, 0.0005, 8, 8, 32, 64, 5, 0.5, 1, 64, 0.2, 0.1, 3, True]	1.5034951	1.5034951	1.4987029	0.5492589	0.02516013	1.5034951	-2.124574	0.426776	0.02516013	0.04936051	0.06635294	0.18003614	0.226186	1.4987029	0.218094	2.013126	0.5492589	1.5733982	-2.7712545	0.504463	0.02614689	0.05219339	0.07663233	0.19858243	0.256561	1.61386	0.265362	1.826729	0.44834444	17
55	[2, 0.0005, 12, 8, 16, 64, 5, 0.5, 1, 30, 0.2, 0.1, 3, True]	1.4404017	1.4404017	1.4238898	0.52297837	0.02538862	1.4404017	-1.6234425	0.418915	0.02538862	0.048686925	0.06654394	0.17597175	0.220643	1.4238898	0.212999	2.016021	0.52297837	1.5923215	-2.690484	0.523672	0.027270474	0.054300986	0.08499413	0.20580818	0.269346	1.6156002	0.279357	1.923812	0.39576358	23
56	[2, 0.0005, 12, 12, 16, 64, 5, 0.5, 1, 30, 0.2, 0.1, 3, True]	1.4956639	1.4956639	1.4596336	0.54160786	0.02520131	1.4956639	-2.1813912	0.433693	0.02520131	0.050149944	0.071688734	0.18279248	0.230798	1.4596336	0.222432	2.092504	0.54160786	1.5692729	-2.609824	0.508892	0.026180785	0.05198913	0.079968244	0.20103577	0.261675	1.5893033	0.268183	1.866065	0.43797454	22
57	[2, 0.0003, 12, 8, 16, 64, 15, 0.5, 1, 30, 0.1, 0.1, 3, True]	1.4934527	1.4934527	1.489849	0.5573673	0.024989503	1.4934527	-1.9659735	0.422816	0.024989503	0.04906555	0.065988205	0.17847691	0.223339	1.489849	0.215342	2.007586	0.5573673	1.6023058	-2.8751304	0.512821	0.026333425	0.052573003	0.08096062	0.20217898	0.262417	1.6425909	0.268982	1.877608	0.4266867	58
58	[2, 0.0008, 12, 16, 16, 48, 9, 0.5, 1, 30, 0.2, 3, 2, True]	1.513495	1.513495	1.5040241	0.5494152	0.024909697	1.513495	-2.322071	0.433674	0.024909697	0.049979076	0.066310026	0.18171999	0.227185	1.5040241	0.220502	2.012475	0.5494152	1.5792518	-2.8320448	0.501176	0.025820108	0.051638134	0.07657788	0.19828144	0.256062	1.6220336	0.263075	1.826080	0.4549583	18
59	[2, 0.0005, 12, 8, 16, 64, 5, 0.5, 1, 30, 0.05, 0.1, 3, True]	1.4587016	1.4587016	1.4427679	0.55627614	0.025077848	1.4587016	-1.8875469	0.422806	0.025077848	0.049147557	0.06703289	0.17930347	0.224251	1.4427679	0.215445	2.023414	0.55627614	1.5453607	-2.6268191	0.504209	0.025939113	0.05157117	0.07713992	0.19774647	0.255794	1.5798594	0.264611	1.832769	0.46585563	15
60	[2, 0.0005, 12, 8, 16, 32, 5, 0.5, 2, 30, 0.05, 0.1, 3, True]	1.4989666	1.4989666	1.4619004	0.51078415	0.02583104	1.4989666	-1.9522828	0.428121	0.02583104	0.049833078	0.06975915	0.18061586	0.227093	1.4619004	0.218693	2.064151	0.51078415	1.5723836	-2.7210333	0.514488	0.026821377	0.053420227	0.08087968	0.20270422	0.262073	1.6017435	0.270497	1.876669	0.44843665	28
61	[2, 0.0005, 12, 8, 16, 64, 5, 0.5, 1, 30, 0.05, 0.1, 3, True]	1.5041577	1.5041577	1.4874297	0.55395025	0.024781866	1.5041577	-2.1595216	0.433740	0.024781866	0.050015826	0.068617746	0.182508	0.229689	1.4874297	0.221785	2.047194	0.55395025	1.6221837	-3.0918782	0.507344	0.026048245	0.052089736	0.081762925	0.20210351	0.263084	1.6510509	0.266557	1.886889	0.42655808	29
62	[2, 0.0005, 12, 8, 16, 64, 5, 0.5, 1, 30, 0.05, 0.1, 3, True]	1.4931649	1.4931649	1.4705406	0.54640734	0.024669774	1.4931649	-1.9793538	0.423416	0.024669774	0.049010884	0.06674861	0.17853232	0.226503	1.4705406	0.217646	2.019119	0.54640734	1.597358	-2.7920148	0.513393	0.026241988	0.052341342	0.08231388	0.20264977	0.265178	1.6261264	0.271832	1.893235	0.41987425	41
63	[2, 0.0005, 12, 8, 16, 64, 5, 0.5, 1, 30, 0.05, 0.1, 3, True]	1.5087641	1.5087641	1.492723	0.54688275	0.024973754	1.5087641	-2.0058672	0.426099	0.024973754	0.049372472	0.065816015	0.1794031	0.225365	1.492723	0.217164	2.004964	0.54688275	1.6286155	-2.966133	0.515704	0.026323818	0.05255012	0.0826091	0.20385091	0.266109	1.6592185	0.271852	1.896627	0.40429562	45
64	[2, 0.0005, 12, 8, 16, 64, 7, 0.5, 1, 20, 0.05, 0.1, 3, True]	1.5332335	1.5332335	1.5236797	0.51397365	0.025712866	1.5332335	-2.1380382	0.434531	0.025712866	0.05029681	0.06998363	0.1841681	0.230721	1.5236797	0.221400	2.067470	0.51397365	1.6218859	-2.9694693	0.518833	0.026753647	0.053529803	0.08286218	0.20441386	0.266110	1.6558129	0.273137	1.899530	0.4070462	35
65	[2, 0.0005, 12, 8, 16, 64, 5, 0.5, 1, 40, 0.1, 0.1, 3, True]	1.4514959	1.4514959	1.4363077	0.5374343	0.025081603	1.4514959	-1.9250668	0.422661	0.025081603	0.049058866	0.067368604	0.17900796	0.224078	1.4363077	0.215086	2.028475	0.5374343	1.5661874	-2.6546834	0.509103	0.026493842	0.052834246	0.078258835	0.1991926	0.259214	1.6015854	0.270285	1.846013	0.4225587	22
66	[2, 0.0005, 12, 8, 16, 64, 20, 0.4, 1, 40, 0.1, 0.1, 3, True]	1.4531883	1.4531883	1.4426047	0.55927235	0.024966257	1.4531883	-1.980139	0.433934	0.024966257	0.050163638	0.065721236	0.1804773	0.224665	1.4426047	0.220011	2.003520	0.55927235	1.564879	-2.6109812	0.508973	0.02620459	0.052102745	0.078317136	0.2003993	0.259146	1.6040393	0.267517	1.846700	0.432577	33
67	[2, 0.0005, 12, 8, 16, 64, 20, 0.4, 1, 40, 0.1, 0.1, 3, True]	1.5028093	1.5028093	1.4833573	0.5403146	0.025280822	1.5028093	-2.0281014	0.431219	0.025280822	0.050002262	0.06836733	0.18083127	0.227303	1.4833573	0.220129	2.043455	0.5403146	1.5980287	-2.8562224	0.509546	0.02625782	0.05250682	0.07924	0.20035304	0.260798	1.6325203	0.267833	1.857549	0.4329571	30
68	[2, 0.0005, 12, 8, 16, 64, 20, 0.4, 1, 40, 0.1, 0.1, 3, True]	1.4944288	1.4944288	1.489745	0.52746564	0.025845524	1.4944288	-2.1020505	0.428721	0.025845524	0.049618732	0.06684039	0.18065248	0.225794	1.489745	0.217921	2.020507	0.52746564	1.5777304	-2.7942734	0.514674	0.026840162	0.053432446	0.07991169	0.20181762	0.260332	1.6119345	0.270540	1.865405	0.45166293	11
69	[1, 0.0003, 12, 8, 16, 64, 20, 0.4, 1, 40, 0.1, 0.1, 3, True]	1.4820915	1.4820915	1.4694535	0.41362292	0.02906796	1.4820915	-2.0089815	0.426649	0.02906796	0.049710013	0.065008424	0.17910324	0.223494	1.4694535	0.215474	1.992626	0.41362292	1.5897453	-2.020905	0.594595	0.0304253	0.0586903	0.118799224	0.23691091	0.304409	1.6045595	0.309756	2.274442	0.3054242	5
70	[2, 0.0005, 12, 16, 16, 64, 20, 0.4, 1, 40, 0.1, 0.1, 3, True]	1.510042	1.510042	1.5095354	0.5201306	0.025462184	1.510042	-1.9465052	0.439744	0.025462184	0.050946843	0.06686798	0.182579	0.227058	1.5095354	0.221916	2.020924	0.5201306	1.6061805	-2.9390445	0.507924	0.026199995	0.052336574	0.07871058	0.20067292	0.260376	1.6425099	0.266801	1.851333	0.43005365	31
71	[2, 0.0005, 12, 8, 16, 64, 5, 0.4, 1, 40, 0.1, 0.1, 3, True]	1.4982302	1.4982302	1.4875499	0.51123947	0.025757134	1.4982302	-2.0688884	0.432169	0.025757134	0.05014576	0.0708239	0.18283434	0.230079	1.4875499	0.220622	2.079844	0.51123947	1.5823992	-2.7760015	0.518435	0.02712702	0.05408425	0.08294634	0.20467256	0.265039	1.6180338	0.274006	1.900495	0.435434	12
72	[2, 0.0005, 12, 8, 16, 64, 5, 0.5, 1, 40, 0.1, 3, 3, True]	1.4594909	1.4594909	1.4445865	0.43948528	0.028102009	1.4594909	-2.0421002	0.427840	0.028102009	0.049795844	0.06894271	0.1815872	0.226696	1.4445865	0.217170	2.052036	0.43948528	1.5723832	-2.1495166	0.571435	0.029593837	0.057728183	0.10422025	0.22648574	0.290424	1.6090755	0.299073	2.130316	0.3412356	4
73	[2, 0.0005, 12, 8, 16, 64, 5, 0.5, 1, 40, 0.1, 3, 3, True]	1.486185	1.486185	1.4804753	0.546916	0.024981158	1.486185	-1.8372244	0.422612	0.024981158	0.04924639	0.0676458	0.17880663	0.224274	1.4804753	0.215228	2.032644	0.546916	1.5740647	-2.8109918	0.508046	0.026347732	0.0526875	0.07813321	0.19937898	0.258075	1.6129621	0.268088	1.844531	0.44268563	14
74	[2, 0.0005, 12, 8, 16, 64, 5, 0.5, 1, 40, 0.1, 1, 3, True]	1.4796886	1.4796886	1.4644006	0.5403393	0.024868336	1.4796886	-1.9983045	0.423684	0.024868336	0.049175862	0.066778295	0.17919758	0.224787	1.4644006	0.215875	2.019568	0.5403393	1.5581024	-2.6323545	0.501168	0.025825053	0.051485818	0.0767273	0.19650713	0.255990	1.5898868	0.264631	1.827860	0.43092546	38
75	[2, 0.0005, 12, 8, 16, 64, 20, 0.5, 1, 40, 0.1, 0.1, 3, True]	1.4968736	1.4968736	1.4835733	0.38537216	0.02812655	1.4968736	-1.9665409	0.429165	0.02812655	0.049980406	0.06504701	0.18034083	0.223584	1.4835733	0.215629	1.993217	0.38537216	1.604548	-2.250126	0.569852	0.029080369	0.056501128	0.10874351	0.22671466	0.296864	1.6168785	0.303918	2.176054	0.288121	4
76	[2, 0.0005, 12, 8, 16, 32, 15, 0.6, 1, 40, 0.1, 3, 3, True]	1.4791173	1.4791173	1.4615208	0.37772995	0.02763029	1.4791173	-2.0307102	0.427393	0.02763029	0.049642406	0.06398868	0.17926036	0.222754	1.4615208	0.216004	1.976935	0.37772995	1.5855771	-2.0856378	0.566916	0.02854256	0.05529538	0.10795248	0.22483882	0.296954	1.5811629	0.302372	2.168125	0.22717613	4
77	[1, 0.0008, 12, 8, 16, 64, 5, 0.5, 2, 40, 0.1, 0.1, 3, True]	1.4850193	1.4850193	1.4621394	0.529323	0.026256781	1.4850193	-2.000031	0.428186	0.026256781	0.04989071	0.06779983	0.18046723	0.226622	1.4621394	0.217898	2.034957	0.529323	1.5495914	-2.5869548	0.512712	0.02674267	0.05299008	0.07999766	0.20202033	0.259996	1.5852894	0.267571	1.866408	0.46682832	6
78	[2, 0.0003, 12, 12, 24, 48, 9, 0.5, 1, 10, 0.05, 0.1, 2, True]	1.4467981	1.4467981	1.4329798	0.3743233	0.028295577	1.4467981	-2.0558255	0.426356	0.028295577	0.049639437	0.06536455	0.17875454	0.224050	1.4329798	0.217431	1.998076	0.3743233	1.5524048	-1.8383642	0.572677	0.029073201	0.05605534	0.11017034	0.22666094	0.296951	1.5604186	0.304291	2.190284	0.2401114	7
79	[2, 0.0003, 12, 12, 24, 48, 9, 0.4, 1, 10, 0.05, 0.1, 2, True]	1.4956517	1.4956517	1.4842552	0.54692525	0.024979485	1.4956517	-2.033586	0.425570	0.024979485	0.049379334	0.068341024	0.17978516	0.225192	1.4842552	0.216893	2.043062	0.54692525	1.571646	-2.761192	0.504426	0.026114548	0.05213113	0.0764354	0.19779807	0.255443	1.6152247	0.265706	1.824380	0.4412859	44
80	[2, 0.0003, 12, 12, 24, 48, 9, 0.5, 1, 10, 0.05, 0.1, 2, True]	1.5184906	1.5184906	1.5122669	0.38509926	0.028349068	1.5184906	-2.0462103	0.431231	0.028349068	0.050244864	0.067082316	0.18158835	0.226444	1.5122669	0.218979	2.024160	0.38509926	1.5818999	-2.1659396	0.562354	0.028712494	0.055920303	0.103611216	0.22352313	0.291074	1.593184	0.297005	2.124083	0.29695255	7
81	[2, 0.0003, 12, 12, 24, 48, 9, 0.5, 1, 10, 0.05, 0.1, 2, True]	1.4490123	1.4490123	1.4240339	0.5220786	0.025293361	1.4490123	-1.7864357	0.428444	0.025293361	0.04990474	0.07209886	0.18147181	0.227615	1.4240339	0.217750	2.098481	0.5220786	1.5618584	-2.635232	0.513590	0.026847435	0.053574964	0.08026817	0.20110306	0.261358	1.5972798	0.272757	1.869561	0.43181095	36
82	[2, 0.0003, 12, 12, 24, 48, 9, 0.5, 2, 10, 0.05, 0.1, 2, True]	1.5304339	1.5304339	1.5048758	0.5344137	0.025500897	1.5304339	-2.0723674	0.431587	0.025500897	0.05031337	0.06975307	0.18311521	0.229026	1.5048758	0.219435	2.064061	0.5344137	1.5932927	-2.8670583	0.509874	0.02615031	0.05211484	0.079756714	0.20066649	0.261082	1.6163925	0.268107	1.863595	0.444902	52
83	[2, 0.0003, 12, 12, 24, 48, 9, 0.5, 1, 10, 0.05, 0.1, 2, True]	1.5046808	1.5046808	1.4938338	0.5342056	0.025502171	1.5046808	-2.0174918	0.430252	0.025502171	0.049927913	0.06767041	0.18110888	0.226453	1.4938338	0.218411	2.033013	0.5342056	1.5741147	-2.7499158	0.506901	0.026342046	0.052595563	0.07833303	0.1989829	0.258372	1.6101443	0.268434	1.846888	0.4252171	43
84	[2, 0.0003, 12, 12, 24, 48, 9, 0.5, 2, 10, 0.05, 0.1, 2, True]	1.5105861	1.5105861	1.4869695	0.52891576	0.025357742	1.5105861	-2.0140967	0.426627	0.025357742	0.04974804	0.06730694	0.18023011	0.225502	1.4869695	0.216835	2.027546	0.52891576	1.570602	-2.7742488	0.503204	0.026123578	0.052288327	0.07743432	0.19739719	0.256953	1.6039882	0.265276	1.836263	0.43558767	53
85	[2, 0.0003, 12, 12, 24, 48, 9, 0.5, 1, 10, 0.05, 0.1, 2, True]	1.4440955	1.4440955	1.4326398	0.40774557	0.028581815	1.4440955	-2.3143873	0.434603	0.028581815	0.0503111	0.06611793	0.18297572	0.227765	1.4326398	0.219745	2.009558	0.40774557	1.5606111	-1.8525014	0.572267	0.028793113	0.055198133	0.11199824	0.22575484	0.299429	1.55472	0.306816	2.208379	0.23659934	5
86	[1, 0.0003, 12, 12, 24, 48, 9, 0.5, 1, 10, 0.05, 0.1, 2, True]	1.4800584	1.4800584	1.4615401	0.53785414	0.024862763	1.4800584	-1.8745115	0.421882	0.024862763	0.04913477	0.06706781	0.17884295	0.223353	1.4615401	0.214286	2.023941	0.53785414	1.54915	-2.6079874	0.501730	0.025886685	0.051616803	0.07756562	0.19689994	0.257100	1.584547	0.265666	1.837819	0.43803313	31
87	[2, 0.0003, 12, 12, 24, 48, 9, 0.5, 1, 10, 0.05, 0.1, 2, True]	1.5094733	1.5094733	1.4895705	0.5146304	0.025877303	1.5094733	-1.962426	0.435090	0.025877303	0.05071026	0.07202788	0.18386905	0.229528	1.4895705	0.220477	2.097448	0.5146304	1.5801005	-2.7599876	0.516982	0.02695108	0.053861484	0.08154205	0.20423983	0.263411	1.6218258	0.272139	1.884338	0.4275597	40
88	[2, 0.0003, 8, 12, 24, 48, 9, 0.6, 1, 10, 0.2, 0.1, 2, True]	1.4872886	1.4872886	1.473341	0.54144895	0.024896674	1.4872886	-1.8708044	0.417387	0.024896674	0.048699763	0.06450017	0.17582229	0.220921	1.473341	0.213063	1.984821	0.54144895	1.5973517	-2.8483949	0.512566	0.0262951	0.052477796	0.081151314	0.20220746	0.263469	1.629094	0.271549	1.879818	0.4266284	38
89	[2, 0.0003, 12, 12, 24, 48, 9, 0.5, 1, 10, 0.05, 0.1, 2, True]	1.5014561	1.5014561	1.4811476	0.5289795	0.025168987	1.5014561	-2.0061753	0.426890	0.025168987	0.04961183	0.06826799	0.18017145	0.226841	1.4811476	0.218309	2.041970	0.5289795	1.5961049	-2.8264399	0.508756	0.026191812	0.05237039	0.080109745	0.20109525	0.261819	1.6236184	0.268325	1.867715	0.42269394	50
90	[1, 0.0003, 8, 12, 24, 48, 9, 0.5, 1, 10, 0.2, 1, 2, True]	1.5250518	1.5250518	1.5099078	0.30957326	0.029257571	1.5250518	-2.0605595	0.426546	0.029257571	0.049424503	0.062424585	0.17860845	0.221765	1.5099078	0.215244	1.952624	0.30957326	1.6034262	-2.0141404	0.593576	0.029891765	0.05756972	0.11722994	0.23608255	0.307183	1.6083896	0.311965	2.259370	0.20283657	7
91	[2, 0.0003, 12, 12, 24, 48, 9, 0.5, 1, 10, 0.05, 0.1, 2, True]	1.5178705	1.5178705	1.4731357	0.51575506	0.025762511	1.5178705	-2.0252168	0.434465	0.025762511	0.050450485	0.07091078	0.18257155	0.229331	1.4731357	0.221507	2.081119	0.51575506	1.6075059	-2.934065	0.520674	0.027072024	0.054080214	0.0832161	0.20439145	0.265682	1.6302861	0.275693	1.903583	0.4340696	49
92	[2, 0.0003, 12, 12, 24, 48, 15, 0.5, 1, 30, 0.05, 0.1, 2, True]	1.482771	1.482771	1.4562443	0.5348695	0.025240863	1.482771	-1.9995667	0.428441	0.025240863	0.04996864	0.070491605	0.18228723	0.228541	1.4562443	0.217552	2.074959	0.5348695	1.5743423	-2.84171	0.513599	0.026796963	0.053623542	0.080698006	0.20113018	0.259595	1.6109914	0.271418	1.874560	0.44867036	40
93	[2, 0.0003, 12, 12, 24, 32, 7, 0.5, 1, 20, 0.05, 0.1, 2, True]	1.5203454	1.5203454	1.5008483	0.54200554	0.025460655	1.5203454	-2.2094321	0.435053	0.025460655	0.050429694	0.069459096	0.18444403	0.228935	1.5008483	0.221000	2.059707	0.54200554	1.5984145	-2.883994	0.511306	0.02627864	0.052450884	0.0815196	0.20207456	0.262891	1.6285291	0.268744	1.884079	0.4268144	72
94	[2, 0.0003, 12, 16, 24, 48, 9, 0.5, 1, 10, 0.05, 0.1, 2, True]	1.5488981	1.5488981	1.5168896	0.5132762	0.025620956	1.5488981	-2.204155	0.432665	0.025620956	0.05026682	0.070814446	0.18332958	0.231538	1.5168896	0.221728	2.079705	0.5132762	1.6293111	-3.036181	0.516336	0.026678886	0.053401597	0.08481058	0.20490266	0.268623	1.6459279	0.274849	1.921733	0.4209499	54
95	[2, 0.0008, 12, 12, 24, 48, 20, 0.5, 1, 30, 0.2, 0.1, 2, True]	1.5308172	1.5308172	1.5117091	0.54608464	0.024973981	1.5308172	-2.3815024	0.439812	0.024973981	0.050563857	0.069279455	0.18452293	0.232491	1.5117091	0.225444	2.057042	0.54608464	1.617117	-2.9927645	0.511164	0.026069367	0.05209928	0.081057385	0.20204039	0.263023	1.645696	0.268677	1.878730	0.42031908	28
96	[2, 0.0003, 12, 8, 32, 32, 15, 0.5, 1, 10, 0.05, 0.1, 3, True]	1.5089777	1.5089777	1.496173	0.5328721	0.02531691	1.5089777	-2.069671	0.427182	0.02531691	0.049647752	0.06741337	0.180881	0.226803	1.496173	0.217521	2.029149	0.5328721	1.5646974	-2.6835823	0.505999	0.02614693	0.052154932	0.07890319	0.19998027	0.259353	1.6010376	0.266369	1.853597	0.42287877	28
97	[2, 0.0005, 8, 8, 24, 64, 5, 0.4, 1, 30, 0.2, 0.1, 3, True]	1.42863	1.42863	1.4184167	0.38006985	0.028007533	1.42863	-2.0023258	0.430890	0.028007533	0.050038412	0.066337965	0.18147515	0.225089	1.4184167	0.216818	2.012899	0.38006985	1.5436944	-1.9163725	0.564967	0.02882817	0.055866968	0.10385633	0.22310169	0.289253	1.5617836	0.297581	2.126594	0.275169	4
98	[2, 0.0005, 8, 12, 24, 48, 9, 0.4, 1, 10, 0.2, 0.1, 2, True]	1.5227364	1.5227364	1.5040745	0.55495137	0.024802959	1.5227364	-2.2854855	0.430008	0.024802959	0.049616404	0.06673799	0.18096599	0.226836	1.5040745	0.219402	2.018959	0.55495137	1.5957013	-2.8284657	0.510709	0.026017405	0.05190284	0.080685094	0.20064095	0.261863	1.625805	0.268548	1.874411	0.42474228	38
99	[1, 0.0003, 8, 8, 24, 64, 5, 0.4, 1, 30, 0.2, 0.1, 3, True]	1.4815947	1.4815947	1.4478675	0.38386643	0.02762332	1.4815947	-1.8934675	0.426744	0.02762332	0.04970281	0.06677737	0.17935327	0.224197	1.4478675	0.216576	2.019554	0.38386643	1.5940534	-2.1168606	0.568001	0.02902161	0.056487907	0.109889515	0.2252485	0.298108	1.5905838	0.305002	2.187490	0.2386104	8
100	[2, 0.0005, 8, 8, 24, 32, 7, 0.4, 1, 10, 0.2, 0.1, 3, True]	1.4878259	1.4878259	1.4544065	0.34995344	0.029289188	1.4878259	-1.9307927	0.422320	0.029289188	0.04910759	0.064022	0.17787977	0.221440	1.4544065	0.213827	1.977450	0.34995344	1.5844406	-1.9060079	0.588461	0.029813401	0.05725545	0.119627275	0.23291565	0.307341	1.5732112	0.313054	2.282355	0.23256747	4
101	[2, 0.0005, 8, 8, 24, 64, 5, 0.4, 1, 30, 0.2, 0.1, 3, True]	1.4448684	1.4448684	1.4406105	0.35300168	0.02897189	1.4448684	-2.0913727	0.422568	0.02897189	0.04923922	0.06414809	0.1780744	0.221470	1.4406105	0.213906	1.979396	0.35300168	1.555927	-1.7901222	0.590578	0.03018383	0.058067404	0.119031906	0.23509146	0.304460	1.5772684	0.312314	2.276668	0.22178315	4
102	[2, 0.0005, 8, 8, 24, 64, 5, 0.4, 1, 30, 0.2, 0.1, 3, True]	1.4288895	1.4288895	1.4485993	0.40567094	0.029631013	1.4288895	-1.9851025	0.421049	0.029631013	0.04902201	0.06489553	0.17764965	0.221635	1.4485993	0.213132	1.990895	0.40567094	1.5405542	-1.7673761	0.597611	0.030581454	0.058864824	0.11703517	0.23864363	0.300216	1.578305	0.306529	2.257492	0.30843675	4
103	[2, 0.0005, 8, 8, 24, 64, 5, 0.4, 1, 30, 0.2, 0.1, 3, True]	1.5380107	1.5380107	1.5209968	0.4960024	0.025950512	1.5380107	-2.1485164	0.434333	0.025950512	0.050488573	0.07051127	0.18310173	0.230725	1.5209968	0.221929	2.075249	0.4960024	1.6078051	-2.9094567	0.517883	0.027008167	0.05400705	0.08251655	0.20375814	0.265808	1.6377462	0.276781	1.895565	0.4097269	15
104	[2, 0.0005, 8, 8, 24, 64, 5, 0.4, 1, 30, 0.2, 0.1, 3, True]	1.4317305	1.4317305	1.4185673	0.45383298	0.026936408	1.4317305	-2.1056983	0.429862	0.026936408	0.050100565	0.06614713	0.1813017	0.225991	1.4185673	0.217688	2.010002	0.45383298	1.5429324	-2.107352	0.550014	0.028169421	0.054955315	0.094157204	0.21620624	0.278931	1.5670992	0.286952	2.024859	0.35230497	4
105	[2, 0.0005, 8, 8, 24, 64, 5, 0.4, 1, 30, 0.2, 0.1, 3, True]	1.4752957	1.4752957	1.4500575	0.5459172	0.024848823	1.4752957	-2.0056553	0.425394	0.024848823	0.04924734	0.068607576	0.1796909	0.227497	1.4500575	0.218435	2.047043	0.5459172	1.5753607	-2.6548984	0.506968	0.026104577	0.051968638	0.07961055	0.19854137	0.261160	1.5967904	0.269792	1.861887	0.42141473	20
106	[2, 0.0005, 8, 8, 24, 64, 5, 0.4, 1, 30, 0.2, 0.1, 3, True]	1.5030903	1.5030903	1.4812728	0.52191716	0.025479114	1.5030903	-2.037507	0.432499	0.025479114	0.05022281	0.06752279	0.18153003	0.227959	1.4812728	0.220574	2.030795	0.52191716	1.567678	-2.6184094	0.512287	0.026320407	0.05230039	0.08151026	0.20209737	0.263422	1.5930363	0.271398	1.883971	0.42391476	15
107	[2, 0.0005, 8, 8, 24, 64, 5, 0.4, 1, 30, 0.2, 0.1, 3, True]	1.5124509	1.5124509	1.4898763	0.5372256	0.024848081	1.5124509	-2.0593898	0.425926	0.024848081	0.049316224	0.06566125	0.17925176	0.225257	1.4898763	0.218157	2.002606	0.5372256	1.5984689	-2.8636982	0.509917	0.026081495	0.05202971	0.08014616	0.20155358	0.261948	1.6288306	0.267957	1.868140	0.43536723	23
108	[2, 0.0005, 8, 8, 24, 64, 5, 0.4, 1, 30, 0.2, 1, 3, True]	1.4464784	1.4464784	1.4418372	0.5378357	0.02529926	1.4464784	-1.7997477	0.421369	0.02529926	0.04898248	0.06788321	0.17820668	0.223095	1.4418372	0.214377	2.036207	0.5378357	1.5460168	-2.4840508	0.510284	0.02631962	0.05222297	0.079261765	0.19957201	0.259607	1.5800064	0.270314	1.857804	0.4282115	20
109	[2, 0.0003, 8, 16, 24, 64, 5, 0.4, 1, 30, 0.2, 1, 3, True]	1.4840683	1.4840683	1.4570526	0.52571476	0.025092784	1.4840683	-2.0220785	0.425615	0.025092784	0.04946125	0.07064691	0.18080302	0.228247	1.4570526	0.218269	2.077244	0.52571476	1.5883688	-2.8387575	0.509368	0.026219152	0.052329052	0.07991955	0.19990952	0.260865	1.6190944	0.269604	1.865497	0.42854497	40
110	[2, 0.0005, 8, 8, 24, 64, 5, 0.4, 1, 30, 0.2, 1, 2, True]	1.4973537	1.4973537	1.4706408	0.5355993	0.025123008	1.4973537	-2.074851	0.427892	0.025123008	0.049587104	0.06679734	0.17983292	0.226278	1.4706408	0.218894	2.019856	0.5355993	1.5896794	-2.8159318	0.510657	0.02633666	0.052533392	0.07946536	0.20108213	0.260813	1.6231797	0.268800	1.860188	0.41779974	28
111	[2, 0.0005, 8, 8, 24, 64, 5, 0.4, 1, 30, 0.2, 1, 3, True]	1.5301716	1.5301716	1.4780726	0.50763905	0.025553713	1.5301716	-2.2878456	0.434464	0.025553713	0.05027057	0.07113167	0.18330044	0.233193	1.4780726	0.224892	2.084358	0.50763905	1.5992668	-2.851912	0.514523	0.026548207	0.052910198	0.081460245	0.20324734	0.263934	1.6215672	0.271542	1.883393	0.42814815	22
112	[2, 0.0005, 8, 8, 24, 64, 5, 0.4, 1, 30, 0.2, 1, 3, True]	1.5132257	1.5132257	1.5000942	0.55414176	0.02507612	1.5132257	-2.0625517	0.428108	0.02507612	0.049681254	0.06708987	0.18059859	0.226153	1.5000942	0.217906	2.024274	0.55414176	1.5908332	-2.8946393	0.506179	0.026008852	0.052024715	0.07706879	0.1993835	0.257180	1.6299542	0.264301	1.831924	0.45117766	28
113	[2, 0.0005, 8, 8, 24, 64, 5, 0.4, 1, 30, 0.2, 1, 3, True]	1.5235857	1.5235857	1.5064569	0.5324981	0.025238164	1.5235857	-2.1857202	0.430084	0.025238164	0.049992636	0.06814554	0.1810687	0.227696	1.5064569	0.219587	2.040138	0.5324981	1.5850148	-2.7919514	0.509028	0.02621231	0.052342754	0.07975053	0.20126097	0.261248	1.6128414	0.269828	1.863523	0.4463801	22
114	[2, 0.0005, 8, 8, 24, 64, 5, 0.4, 1, 30, 0.2, 0.1, 3, True]	1.5070208	1.5070208	1.4875268	0.5333706	0.02551371	1.5070208	-2.0376399	0.429086	0.02551371	0.049919847	0.070300534	0.18219844	0.228035	1.4875268	0.218446	2.072145	0.5333706	1.5486537	-2.566151	0.506101	0.026033517	0.05184077	0.07851555	0.19852762	0.257999	1.576277	0.267248	1.849038	0.4455361	24
115	[2, 0.0005, 8, 8, 24, 64, 5, 0.4, 1, 30, 0.2, 0.1, 3, True]	1.4791162	1.4791162	1.4509238	0.52438647	0.024943735	1.4791162	-2.0747037	0.427797	0.024943735	0.049497746	0.06733558	0.18035962	0.226567	1.4509238	0.218318	2.027978	0.52438647	1.6206625	-2.9141986	0.519268	0.026777023	0.053474613	0.08405885	0.20562705	0.268477	1.6469123	0.275772	1.913197	0.41451135	34
116	[1, 0.0005, 8, 8, 24, 64, 5, 0.4, 1, 30, 0.2, 0.1, 3, True]	1.5064963	1.5064963	1.4692037	0.52647585	0.024881015	1.5064963	-2.0055878	0.421065	0.024881015	0.04901355	0.06808909	0.17835118	0.226266	1.4692037	0.216782	2.039293	0.52647585	1.6004447	-2.7802768	0.515503	0.02636707	0.052440062	0.08395027	0.20307097	0.267541	1.6181903	0.275806	1.911961	0.40509787	14
117	[2, 0.0008, 8, 8, 24, 32, 15, 0.4, 1, 30, 0.2, 0.1, 3, True]	1.5127956	1.5127956	1.487754	0.53607935	0.025090696	1.5127956	-2.1005569	0.427365	0.025090696	0.049609073	0.067226775	0.1801673	0.225985	1.487754	0.217945	2.026339	0.53607935	1.5926728	-2.8269384	0.510178	0.026146758	0.05219974	0.080419384	0.20188664	0.262620	1.62064	0.269058	1.871321	0.44062337	26
118	[2, 0.0005, 8, 12, 24, 48, 5, 0.4, 1, 20, 0.2, 0.1, 3, True]	1.478617	1.478617	1.4564406	0.5275487	0.025295042	1.478617	-1.9692783	0.424033	0.025295042	0.049221825	0.06484472	0.17784739	0.222731	1.4564406	0.215780	1.990115	0.5275487	1.5546017	-2.5676029	0.508393	0.026199814	0.052007314	0.07933242	0.20028545	0.260034	1.586312	0.267873	1.858632	0.43081215	12
119	[2, 0.0003, 8, 8, 24, 64, 5, 0.6, 1, 30, 0.2, 3, 3, True]	1.4770087	1.4770087	1.4497254	0.53052074	0.02535838	1.4770087	-1.7596018	0.431175	0.02535838	0.04995604	0.06946392	0.18069471	0.226936	1.4497254	0.220064	2.059778	0.53052074	1.5982598	-2.716786	0.517663	0.026616154	0.052939594	0.08383667	0.20345496	0.267120	1.6185119	0.274344	1.910667	0.40003225	60
120	[2, 0.0005, 8, 8, 24, 64, 9, 0.4, 1, 30, 0.2, 0.1, 3, True]	1.4921323	1.4921323	1.4758223	0.37765318	0.029631892	1.4921323	-2.0397673	0.429297	0.029631892	0.050008368	0.06403738	0.18020873	0.223229	1.4758223	0.216125	1.977687	0.37765318	1.573405	-1.8919948	0.591701	0.030221166	0.05799432	0.11616199	0.23466548	0.303310	1.5879915	0.308787	2.249055	0.29673773	3
121	[2, 0.0005, 8, 8, 24, 64, 20, 0.4, 1, 40, 0.2, 0.1, 3, True]	1.4997746	1.4997746	1.4864228	0.5407366	0.025286267	1.4997746	-2.1103244	0.433277	0.025286267	0.05011421	0.07142734	0.18373726	0.231502	1.4864228	0.221274	2.088686	0.5407366	1.5638093	-2.611754	0.506675	0.026145162	0.052108705	0.0782181	0.19889943	0.259108	1.5956874	0.267931	1.845532	0.4339338	21
122	[2, 0.0005, 8, 8, 24, 64, 5, 0.4, 2, 10, 0.2, 0.1, 3, True]	1.4912618	1.4912618	1.4685912	0.5376549	0.025289048	1.4912618	-1.9462286	0.422007	0.025289048	0.049135897	0.0649393	0.17745747	0.222001	1.4685912	0.214906	1.991566	0.5376549	1.5509452	-2.6750898	0.498647	0.025668016	0.05105574	0.07652698	0.19671826	0.255420	1.5811594	0.262067	1.825473	0.46224433	10
123	[2, 0.0005, 8, 8, 24, 64, 20, 0.4, 1, 30, 0.2, 0.1, 3, True]	1.4610592	1.4610592	1.4359218	0.5357948	0.02499276	1.4610592	-1.9325069	0.422658	0.02499276	0.049102366	0.068793185	0.1792782	0.226331	1.4359218	0.216406	2.049810	0.5357948	1.5914476	-2.7810624	0.514051	0.026707407	0.053202704	0.082040265	0.20221764	0.264714	1.621846	0.273703	1.890086	0.42421526	17
124	[2, 0.0005, 12, 8, 24, 64, 5, 0.4, 2, 10, 0.1, 0.1, 3, True]	1.4662604	1.4662604	1.458744	0.52575594	0.025698803	1.4662604	-1.8401028	0.427360	0.025698803	0.04983518	0.06804517	0.18041761	0.224277	1.458744	0.215471	2.038635	0.52575594	1.5615128	-2.672304	0.511829	0.026719604	0.053262405	0.07846706	0.20065291	0.258438	1.6048008	0.267806	1.848467	0.44588408	33
125	[2, 0.0005, 8, 8, 24, 64, 15, 0.4, 1, 30, 0.2, 0.1, 3, True]	1.498682	1.498682	1.4769255	0.5416461	0.02507116	1.498682	-2.086524	0.427982	0.02507116	0.049402487	0.06737505	0.18060578	0.226753	1.4769255	0.218659	2.028572	0.5416461	1.6263013	-3.0405126	0.513534	0.026594745	0.053317506	0.080493525	0.20157877	0.263240	1.6599234	0.271630	1.872184	0.42161772	40
126	[2, 0.0005, 12, 12, 24, 48, 9, 0.4, 1, 40, 0.2, 1, 2, True]	1.4496835	1.4496835	1.4407687	0.43926856	0.027352432	1.4496835	-2.1281967	0.428047	0.027352432	0.049769007	0.06699712	0.18091343	0.226407	1.4407687	0.218135	2.022874	0.43926856	1.5589572	-2.1865497	0.547787	0.027996616	0.054685008	0.09416112	0.21602648	0.279706	1.5797293	0.286684	2.024901	0.33961758	4
127	[1, 0.0003, 8, 12, 24, 48, 9, 0.4, 1, 10, 0.2, 1, 2, True]	1.4265895	1.4265895	1.416244	0.4062513	0.027289707	1.4265895	-2.232773	0.429708	0.027289707	0.049904954	0.06455279	0.18094714	0.224716	1.416244	0.216927	1.985630	0.4062513	1.5411285	-1.9129653	0.558057	0.02800683	0.054134034	0.10196887	0.22006063	0.287970	1.5449902	0.294601	2.107181	0.2606912	7
128	[1, 0.0003, 8, 12, 24, 48, 9, 0.4, 1, 10, 0.2, 1, 2, True]	1.4652977	1.4652977	1.4398215	0.41602418	0.02853268	1.4652977	-2.128333	0.428088	0.02853268	0.049764313	0.066516005	0.18051629	0.225764	1.4398215	0.217321	2.015598	0.41602418	1.5513101	-1.887881	0.570344	0.028993225	0.055848733	0.107930794	0.22531173	0.293822	1.5550328	0.300252	2.167907	0.3151313	6
129	[1, 0.0003, 8, 12, 24, 48, 9, 0.4, 1, 10, 0.2, 1, 2, True]	1.5700105	1.5700105	1.5195299	0.5111994	0.02548408	1.5700105	-2.2884843	0.435660	0.02548408	0.050778884	0.071117915	0.18444239	0.234234	1.5195299	0.223828	2.084157	0.5111994	1.6288999	-3.1139548	0.514928	0.026611915	0.0534775	0.081917115	0.20232208	0.264560	1.6452183	0.273081	1.888667	0.4236232	42
130	[1, 0.0003, 8, 12, 24, 48, 9, 0.4, 1, 10, 0.2, 1, 2, True]	1.5012845	1.5012845	1.4837655	0.41652125	0.027489759	1.5012845	-2.0652583	0.426325	0.027489759	0.049636625	0.06588515	0.18061747	0.224490	1.4837655	0.215491	2.006017	0.41652125	1.5895199	-2.2067568	0.557702	0.028293444	0.05512638	0.10205675	0.22116594	0.291051	1.5965424	0.297435	2.108089	0.29052448	7
131	[1, 0.0003, 8, 12, 24, 48, 9, 0.4, 1, 10, 0.2, 1, 2, True]	1.5254337	1.5254337	1.5022813	0.5456775	0.024963114	1.5254337	-2.1028316	0.426001	0.024963114	0.049430925	0.066972606	0.18011402	0.226860	1.5022813	0.218479	2.022504	0.5456775	1.637684	-3.140951	0.516857	0.026524952	0.053155173	0.082905665	0.20452382	0.265646	1.6727068	0.272133	1.900029	0.41454887	71
132	[1, 0.0003, 12, 12, 24, 48, 9, 0.5, 1, 10, 0.2, 1, 2, True]	1.4201733	1.4201733	1.4164187	0.43100548	0.02821845	1.4201733	-2.0180154	0.425334	0.02821845	0.049487326	0.06252132	0.1786341	0.221822	1.4164187	0.214425	1.954137	0.43100548	1.5329852	-1.893025	0.561676	0.028527953	0.05515616	0.10053999	0.22010417	0.285494	1.5410012	0.294796	2.092365	0.33169505	7
133	[1, 0.0003, 8, 12, 24, 48, 9, 0.5, 1, 10, 0.2, 1, 2, True]	1.5238873	1.5238873	1.5111767	0.55580777	0.024881119	1.5238873	-2.0833228	0.426310	0.024881119	0.049434934	0.066202536	0.1798317	0.225198	1.5111767	0.217275	2.010843	0.55580777	1.6140023	-3.0055084	0.512964	0.026275525	0.052559026	0.08016201	0.20180432	0.261764	1.6488433	0.269034	1.868325	0.43537986	86
134	[1, 0.0003, 12, 12, 24, 48, 9, 0.4, 1, 10, 0.2, 1, 2, True]	1.5338483	1.5338483	1.4809533	0.5053616	0.025888003	1.5338483	-1.9778305	0.438440	0.025888003	0.050958592	0.075177275	0.18561156	0.235980	1.4809533	0.225376	2.142812	0.5053616	1.5924681	-2.8099334	0.515790	0.0266503	0.053123437	0.083133094	0.20359382	0.265370	1.6139208	0.272421	1.902633	0.43621203	40
135	[1, 0.0003, 8, 12, 24, 48, 9, 0.5, 1, 10, 0.2, 1, 2, True]	1.527138	1.527138	1.5098045	0.55240554	0.024813958	1.527138	-2.0653634	0.425085	0.024813958	0.049222775	0.06466084	0.17876163	0.223397	1.5098045	0.216192	1.987291	0.55240554	1.6064776	-2.8931944	0.507700	0.025906358	0.051690422	0.08123545	0.2016625	0.262895	1.633567	0.266934	1.880792	0.42387235	96
136	[1, 0.0003, 12, 12, 24, 48, 9, 0.6, 1, 10, 0.2, 1, 2, True]	1.4747376	1.4747376	1.4563043	0.5492971	0.024582617	1.4747376	-1.8681687	0.419698	0.024582617	0.04862422	0.06448185	0.17708941	0.221845	1.4563043	0.214065	1.984539	0.5492971	1.6162277	-2.9441075	0.514752	0.026396329	0.05275078	0.08202313	0.2024224	0.264727	1.6447587	0.273120	1.889889	0.4066262	60
137	[1, 0.0003, 8, 12, 24, 48, 9, 0.5, 1, 10, 0.2, 1, 2, True]	1.493811	1.493811	1.462488	0.51313406	0.025616875	1.493811	-1.9203045	0.430512	0.025616875	0.05016776	0.07170335	0.18205807	0.228939	1.462488	0.219616	2.092717	0.51313406	1.5813075	-2.645239	0.517140	0.026746692	0.05321854	0.08400171	0.2030219	0.267101	1.6005251	0.277334	1.912547	0.4119213	31
138	[1, 0.0003, 12, 12, 24, 48, 9, 0.4, 1, 30, 0.2, 1, 2, True]	1.4986287	1.4986287	1.4963449	0.5433432	0.025131261	1.4986287	-1.9485433	0.424487	0.025131261	0.049594488	0.065790616	0.17876564	0.222530	1.4963449	0.215057	2.004577	0.5433432	1.555537	-2.681999	0.501368	0.026034785	0.051969316	0.07630892	0.19746971	0.254924	1.6031183	0.263967	1.822870	0.4515829	23
139	[1, 0.0003, 8, 12, 24, 48, 9, 0.5, 2, 10, 0.2, 1, 2, True]	1.5162282	1.5162282	1.4762868	0.5246573	0.025387105	1.5162282	-1.9723579	0.427921	0.025387105	0.04959814	0.07110942	0.18135248	0.230226	1.4762868	0.220051	2.084032	0.5246573	1.616527	-2.9300344	0.514939	0.026601696	0.053183965	0.08127199	0.20349804	0.264931	1.6422806	0.271680	1.881215	0.42284292	52
140	[2, 0.0003, 12, 12, 24, 48, 9, 0.4, 1, 20, 0.05, 1, 2, True]	1.523328	1.523328	1.5031474	0.53468025	0.025535448	1.523328	-2.0625117	0.428601	0.025535448	0.049752798	0.06623891	0.17958938	0.224484	1.5031474	0.218662	2.011395	0.53468025	1.6068473	-2.9750738	0.510437	0.026540902	0.053026553	0.0785786	0.20136854	0.259916	1.6462415	0.267335	1.849781	0.45648432	45
141	[2, 0.0005, 12, 12, 24, 48, 5, 0.5, 1, 40, 0.2, 3, 2, True]	1.4667964	1.4667964	1.4466642	0.53636837	0.02544368	1.4667964	-1.8676314	0.425582	0.02544368	0.049706157	0.06656651	0.17895389	0.222931	1.4466642	0.215731	2.016363	0.53636837	1.5590276	-2.648368	0.504809	0.026208391	0.052194323	0.078018285	0.19873014	0.257949	1.5889416	0.265752	1.843174	0.43808863	19
142	[2, 0.0005, 12, 12, 24, 32, 9, 0.5, 1, 30, 0.2, 1, 2, True]	1.4928445	1.4928445	1.4702929	0.442287	0.028697997	1.4928445	-1.9504796	0.424833	0.028697997	0.049325414	0.06396976	0.17826478	0.222394	1.4702929	0.215336	1.976643	0.442287	1.5603468	-2.0244775	0.562992	0.028557057	0.055157878	0.1028736	0.22316323	0.288797	1.5588629	0.294191	2.116509	0.36437994	5
143	[2, 0.0005, 12, 12, 24, 48, 5, 0.5, 1, 40, 0.2, 1, 2, True]	1.4998373	1.4998373	1.484029	0.5505485	0.024993677	1.4998373	-2.1442027	0.424156	0.024993677	0.049148604	0.06525469	0.17869896	0.222889	1.484029	0.215747	1.996396	0.5505485	1.59497	-2.8427022	0.512477	0.0263232	0.05251366	0.079598576	0.20145485	0.260997	1.6289781	0.268592	1.861747	0.43836442	41
144	[2, 0.0008, 12, 16, 32, 48, 7, 0.5, 1, 10, 0.05, 0.1, 2, True]	1.5310549	1.5310549	1.509012	0.53635275	0.025423106	1.5310549	-2.2276945	0.447395	0.025423106	0.051358122	0.06919445	0.18570241	0.231516	1.509012	0.226821	2.055779	0.53635275	1.628127	-2.9966419	0.518038	0.026491888	0.052847363	0.085060254	0.20548217	0.268151	1.6525085	0.272832	1.924560	0.42033604	24
145	[2, 0.0005, 12, 12, 24, 48, 5, 0.5, 1, 30, 0.2, 0.1, 2, True]	1.4416562	1.4416562	1.437167	0.4334348	0.027720517	1.4416562	-2.0384216	0.431562	0.027720517	0.05040771	0.07158704	0.18336879	0.230289	1.437167	0.219619	2.091019	0.4334348	1.5719857	-2.2150393	0.551271	0.028570179	0.055933062	0.09497795	0.21701534	0.281704	1.597378	0.290804	2.033665	0.33377728	5
146	[2, 0.0005, 12, 12, 24, 48, 15, 0.5, 1, 30, 0.2, 3, 2, True]	1.5340502	1.5340502	1.5030675	0.5206793	0.025642775	1.5340502	-2.1563215	0.431090	0.025642775	0.049887765	0.06959777	0.18206106	0.231223	1.5030675	0.222572	2.061762	0.5206793	1.6140897	-2.8536184	0.520740	0.026554314	0.052774556	0.08461376	0.2059307	0.268624	1.6338445	0.274747	1.919502	0.4098381	21
147	[2, 0.0005, 8, 12, 24, 48, 5, 0.5, 1, 30, 0.2, 0.1, 2, True]	1.5525134	1.5525134	1.5259292	0.5309325	0.02537191	1.5525134	-2.1733482	0.431750	0.02537191	0.050094306	0.0665832	0.18156332	0.227051	1.5259292	0.220066	2.016616	0.5309325	1.6098098	-2.9800732	0.510038	0.026176998	0.052401666	0.0802887	0.20116544	0.261547	1.6370577	0.267959	1.869800	0.42753175	55
148	[2, 0.0003, 12, 12, 24, 48, 9, 0.4, 1, 30, 0.2, 1, 2, True]	1.5582138	1.5582138	1.5473567	0.5289849	0.025859201	1.5582138	-2.3843396	0.439453	0.025859201	0.05086982	0.07341257	0.18717948	0.234888	1.5473567	0.224204	2.117513	0.5289849	1.617708	-2.9551241	0.520122	0.026788473	0.053519193	0.083398856	0.2059996	0.266516	1.6568732	0.273145	1.905672	0.42795366	62
149	[2, 0.0005, 8, 12, 24, 48, 5, 0.5, 1, 30, 0.2, 0.1, 2, True]	1.4877404	1.4877404	1.475815	0.420427	0.027891772	1.4877404	-1.961748	0.431043	0.027891772	0.05017702	0.06908213	0.18111427	0.227907	1.475815	0.219718	2.054110	0.420427	1.6119889	-2.2490096	0.570517	0.029170353	0.056689788	0.10657105	0.2254556	0.295682	1.6166592	0.303464	2.154208	0.27092257	5
150	[1, 0.0003, 12, 12, 24, 48, 9, 0.4, 1, 30, 0.2, 0.1, 2, True]	1.5368997	1.5368997	1.5013137	0.3723751	0.029857798	1.5368997	-2.2124684	0.433139	0.029857798	0.050405137	0.067899995	0.18289265	0.229576	1.5013137	0.220346	2.036459	0.3723751	1.5906173	-2.0157034	0.589185	0.030161463	0.058050733	0.11541522	0.2339473	0.302707	1.5946501	0.307495	2.241814	0.3158159	5
151	[2, 0.0005, 12, 8, 24, 32, 5, 0.5, 1, 30, 0.05, 0.1, 3, True]	1.4107225	1.4107225	1.3881402	0.527763	0.025262658	1.4107225	-1.7875633	0.425060	0.025262658	0.049624357	0.071093224	0.18012421	0.225533	1.3881402	0.216573	2.083795	0.527763	1.5373646	-2.4134407	0.513879	0.02675006	0.05299108	0.08081417	0.2014663	0.261109	1.5753528	0.271421	1.875909	0.43955198	15
152	[2, 0.0005, 12, 8, 24, 32, 5, 0.5, 1, 30, 0.05, 0.1, 3, True]	1.5092483	1.5092483	1.4803427	0.5281416	0.025300665	1.5092483	-1.9871676	0.431801	0.025300665	0.05012453	0.067317456	0.18121794	0.226238	1.4803427	0.219227	2.027705	0.5281416	1.603102	-2.9263113	0.510056	0.026335062	0.05260388	0.07869623	0.20035696	0.260080	1.6350026	0.267313	1.851165	0.43083087	35
153	[2, 0.0005, 12, 8, 24, 32, 5, 0.5, 1, 30, 0.05, 0.1, 2, True]	1.5040988	1.5040988	1.4814678	0.5444979	0.024958842	1.5040988	-1.9486848	0.425034	0.024958842	0.049333226	0.06708296	0.17907757	0.225549	1.4814678	0.217807	2.024170	0.5444979	1.601022	-2.815069	0.510522	0.026243769	0.052386664	0.07890759	0.20008498	0.261004	1.6294779	0.269658	1.853649	0.4150584	45
154	[2, 0.0005, 12, 12, 24, 32, 5, 0.5, 1, 30, 0.05, 0.1, 3, True]	1.4893384	1.4893384	1.4627405	0.5359336	0.024876615	1.4893384	-2.1962206	0.427460	0.024876615	0.049653236	0.06936628	0.18127109	0.228924	1.4627405	0.219597	2.058330	0.5359336	1.5535034	-2.5459723	0.509664	0.026241671	0.052195575	0.07953105	0.2012164	0.260825	1.5905578	0.269364	1.860957	0.43627784	15
155	[2, 0.0005, 12, 8, 24, 32, 5, 0.5, 1, 30, 0.05, 0.1, 3, True]	1.499242	1.499242	1.4572651	0.5150729	0.025375236	1.499242	-1.9405512	0.430846	0.025375236	0.050190933	0.070985965	0.18224533	0.229205	1.4572651	0.219262	2.082222	0.5150729	1.5765184	-2.663256	0.511949	0.026547527	0.05296047	0.08061338	0.20072582	0.263332	1.5930727	0.272276	1.873577	0.41694114	26
156	[2, 0.0005, 12, 12, 24, 32, 5, 0.5, 1, 64, 0.05, 0.1, 2, True]	1.50424	1.50424	1.4908104	0.409472	0.028524328	1.50424	-1.9700496	0.424350	0.028524328	0.049249925	0.063557945	0.17767113	0.221779	1.4908104	0.215352	1.970270	0.409472	1.5726632	-2.0913653	0.566734	0.02857862	0.0552118	0.10235825	0.22338952	0.290110	1.5837184	0.296748	2.111200	0.31601825	5
157	[2, 0.0005, 8, 8, 24, 48, 5, 0.5, 1, 30, 0.2, 0.1, 3, True]	1.4354016	1.4354016	1.4461408	0.39858642	0.029459609	1.4354016	-1.8315462	0.421550	0.029459609	0.049144395	0.064784646	0.17750241	0.220854	1.4461408	0.213100	1.989193	0.39858642	1.5714363	-1.8689579	0.594734	0.03052811	0.058791865	0.117357574	0.2360578	0.304691	1.5942568	0.311495	2.260599	0.2728597	4
158	[2, 0.0005, 8, 8, 24, 48, 5, 0.5, 1, 30, 0.2, 0.1, 3, True]	1.5332428	1.5332428	1.4809581	0.5076239	0.025994133	1.5332428	-2.203162	0.436848	0.025994133	0.050724052	0.07234385	0.18529549	0.232900	1.4809581	0.222974	2.102043	0.5076239	1.5877004	-2.7424045	0.517798	0.026760925	0.05320012	0.08409999	0.20527616	0.267003	1.6022543	0.273023	1.913666	0.4432232	14
159	[2, 0.0003, 8, 8, 32, 32, 5, 0.5, 1, 30, 0.2, 0.1, 3, True]	1.5109447	1.5109447	1.5210445	0.34366497	0.029640801	1.5109447	-2.1383224	0.430965	0.029640801	0.050179712	0.06552626	0.18061495	0.224813	1.5210445	0.217968	2.000546	0.34366497	1.5931658	-2.0300407	0.593821	0.030019643	0.057900537	0.112779416	0.2357169	0.301738	1.6232713	0.306896	2.216068	0.22522049	6
160	[2, 0.0005, 8, 8, 24, 48, 5, 0.5, 1, 30, 0.05, 0.1, 3, True]	1.500103	1.500103	1.4902899	0.56188875	0.025132021	1.500103	-2.0815935	0.431639	0.025132021	0.050013054	0.067032844	0.180765	0.225495	1.4902899	0.219586	2.023414	0.56188875	1.5931987	-2.8487227	0.509839	0.025957359	0.051683925	0.08074207	0.20172836	0.261617	1.6283498	0.266802	1.875072	0.42761067	53
161	[2, 0.0005, 8, 8, 24, 48, 5, 0.5, 1, 30, 0.2, 0.1, 3, True]	1.5027069	1.5027069	1.4823897	0.53622794	0.02551082	1.5027069	-1.9260751	0.432317	0.02551082	0.050088022	0.068910286	0.18145399	0.227612	1.4823897	0.220090	2.051554	0.53622794	1.585895	-2.7208142	0.513071	0.026465032	0.052741244	0.08173843	0.20255564	0.264661	1.6183783	0.272618	1.886606	0.41682342	32
162	[2, 0.0005, 8, 8, 24, 48, 5, 0.5, 1, 10, 0.2, 0.1, 3, True]	1.5335354	1.5335354	1.5129858	0.5456714	0.02533285	1.5335354	-2.1627533	0.430689	0.02533285	0.04967592	0.06680103	0.18042056	0.226009	1.5129858	0.220038	2.019912	0.5456714	1.6571536	-3.17324	0.527902	0.026918197	0.05386697	0.088633224	0.21176894	0.273229	1.6916959	0.275854	1.964564	0.41756508	88
163	[2, 0.0005, 8, 8, 24, 48, 9, 0.4, 1, 30, 0.2, 0.1, 3, True]	1.5349977	1.5349977	1.5086578	0.5092297	0.025385525	1.5349977	-2.2281938	0.435767	0.025385525	0.050512683	0.068995684	0.18395619	0.230842	1.5086578	0.222099	2.052825	0.5092297	1.6065022	-2.946982	0.513080	0.02654452	0.053090055	0.0817151	0.20247932	0.264121	1.6321949	0.271428	1.886337	0.4124051	22
164	[2, 0.0005, 12, 8, 24, 48, 15, 0.5, 1, 30, 0.2, 3, 3, True]	1.4881023	1.4881023	1.4863681	0.55426884	0.024964632	1.4881023	-1.857076	0.425007	0.024964632	0.049168408	0.06541184	0.1781685	0.223247	1.4863681	0.216696	1.998799	0.55426884	1.5792869	-2.7145677	0.507914	0.025940852	0.05162108	0.07824967	0.19939147	0.258887	1.6179276	0.267227	1.845905	0.42418802	22
165	[2, 0.0005, 8, 16, 24, 48, 5, 0.4, 1, 10, 0.2, 0.1, 2, True]	1.4188039	1.4188039	1.4019217	0.4194258	0.02756732	1.4188039	-1.9076346	0.424291	0.02756732	0.04935454	0.06627513	0.17849149	0.223488	1.4019217	0.216211	2.011945	0.4194258	1.546158	-1.9206053	0.562091	0.028526746	0.05523766	0.10206571	0.22136216	0.288045	1.5572218	0.296303	2.108181	0.28985894	4
166	[2, 0.0005, 8, 16, 24, 64, 5, 0.6, 1, 10, 0.2, 0.1, 3, True]	1.4865259	1.4865259	1.4757578	0.56065065	0.025024334	1.4865259	-2.1309376	0.435896	0.025024334	0.050418112	0.068577886	0.18287997	0.229413	1.4757578	0.222315	2.046600	0.56065065	1.613617	-2.913178	0.516500	0.026516808	0.052849036	0.08205741	0.20330271	0.264836	1.63948	0.272835	1.890284	0.41529623	27
167	[1, 0.0003, 8, 16, 24, 48, 5, 0.5, 1, 10, 0.2, 0.1, 3, True]	1.5331318	1.5331318	1.4973762	0.5260355	0.025542727	1.5331318	-2.2155855	0.432611	0.025542727	0.05015592	0.0682042	0.18275099	0.229323	1.4973762	0.220934	2.041016	0.5260355	1.6117297	-2.8913164	0.515932	0.026523864	0.052900802	0.082748026	0.20386045	0.266007	1.6334237	0.271669	1.898221	0.41671142	51
168	[2, 0.0005, 8, 16, 24, 64, 5, 0.4, 1, 10, 0.2, 0.1, 2, True]	1.5473295	1.5473295	1.5021122	0.49842563	0.025770282	1.5473295	-2.337594	0.441263	0.025770282	0.05093095	0.07686276	0.1870961	0.237838	1.5021122	0.227584	2.166700	0.49842563	1.6067382	-2.7662153	0.523033	0.026990423	0.05359801	0.08611545	0.2076814	0.271486	1.6307957	0.278271	1.936460	0.4034209	16
169	[2, 0.0003, 8, 16, 24, 64, 5, 0.5, 1, 10, 0.05, 0.1, 3, True]	1.4554166	1.4554166	1.4608239	0.38498223	0.030121665	1.4554166	-2.043807	0.430777	0.030121665	0.050321866	0.06667676	0.18199477	0.225137	1.4608239	0.217136	2.018032	0.38498223	1.528628	-1.7107239	0.592657	0.030206915	0.057938635	0.11216475	0.23380876	0.296340	1.5541627	0.303881	2.210020	0.31600183	5
170	[2, 0.0005, 8, 16, 24, 48, 5, 0.4, 1, 10, 0.2, 0.1, 2, True]	1.4719923	1.4719923	1.457975	0.5286886	0.025102427	1.4719923	-1.8703618	0.429495	0.025102427	0.049628947	0.0660149	0.18020728	0.224842	1.457975	0.217361	2.007991	0.5286886	1.6015823	-2.7981336	0.522022	0.026880397	0.053642284	0.08442467	0.20557027	0.267900	1.6364608	0.276567	1.917356	0.4007978	41
171	[2, 0.0005, 8, 12, 24, 48, 9, 0.4, 1, 30, 0.2, 1, 2, True]	1.5101287	1.5101287	1.484776	0.3381768	0.029002966	1.5101287	-2.2027898	0.425889	0.029002966	0.049696013	0.06819748	0.18074104	0.228681	1.484776	0.218896	2.040916	0.3381768	1.6190473	-2.1180968	0.597327	0.03056535	0.05915061	0.11965063	0.23770851	0.309094	1.6317787	0.315217	2.282578	0.21843106	5
172	[2, 0.0005, 12, 8, 24, 48, 5, 0.4, 1, 10, 0.2, 0.1, 2, True]	1.5017954	1.5017954	1.4807013	0.5431679	0.025170457	1.5017954	-1.9971545	0.425884	0.025170457	0.04946684	0.0666477	0.1794193	0.224804	1.4807013	0.216755	2.017593	0.5431679	1.5870327	-2.754429	0.508407	0.026198994	0.052274715	0.07951011	0.20041087	0.261761	1.611922	0.269674	1.860712	0.43116504	27
173	[2, 0.0005, 8, 8, 24, 48, 5, 0.4, 1, 64, 0.2, 0.1, 2, True]	1.4916146	1.4916146	1.4842618	0.55507606	0.02511055	1.4916146	-2.0158508	0.427727	0.02511055	0.049713112	0.06649207	0.18025218	0.224192	1.4842618	0.216912	2.015236	0.55507606	1.5521789	-2.6016912	0.499447	0.025682269	0.05108801	0.07543913	0.19570018	0.254413	1.5871173	0.263165	1.812451	0.4498813	19
174	[2, 0.0005, 12, 12, 24, 48, 9, 0.4, 1, 30, 0.2, 1, 2, True]	1.5036434	1.5036434	1.4830776	0.55201644	0.024866587	1.5036434	-2.1526487	0.424474	0.024866587	0.049151383	0.06718544	0.1793749	0.226488	1.4830776	0.218200	2.025716	0.55201644	1.6058205	-2.9472885	0.505384	0.026017316	0.05200161	0.07895585	0.19902037	0.260176	1.6335429	0.267565	1.854216	0.4287454	25
175	[2, 0.0005, 8, 8, 24, 48, 7, 0.4, 1, 10, 0.2, 0.1, 2, True]	1.4659883	1.4659883	1.4439547	0.4187844	0.028061276	1.4659883	-2.078092	0.427532	0.028061276	0.049494665	0.067003734	0.18071567	0.226980	1.4439547	0.217940	2.022974	0.4187844	1.6041512	-2.1763191	0.583320	0.0296233	0.057372615	0.110745504	0.2307934	0.299536	1.6115896	0.305352	2.195994	0.2766402	5
176	[1, 0.0008, 12, 12, 32, 32, 5, 0.5, 1, 30, 0.2, 0.1, 3, True]	1.51557	1.51557	1.4941083	0.51603603	0.025317539	1.51557	-2.2032921	0.438208	0.025317539	0.050380614	0.06933745	0.18436427	0.230844	1.4941083	0.222812	2.057902	0.51603603	1.6092055	-2.9152815	0.513116	0.026442163	0.052856077	0.07930306	0.20190263	0.261567	1.6416571	0.269020	1.858288	0.42102584	21
177	[2, 0.0005, 8, 8, 24, 64, 9, 0.4, 1, 20, 0.2, 0.1, 2, True]	1.4724239	1.4724239	1.4597915	0.55491966	0.025014918	1.4724239	-1.9120195	0.423599	0.025014918	0.04916746	0.066289864	0.17826635	0.223405	1.4597915	0.215732	2.012169	0.55491966	1.5694842	-2.694697	0.504877	0.025936376	0.05167714	0.078105964	0.19871493	0.258395	1.6021634	0.266120	1.844209	0.4387161	34
178	[2, 0.0003, 8, 12, 24, 48, 5, 0.5, 1, 10, 0.05, 1, 3, True]	1.4969249	1.4969249	1.4991363	0.35625502	0.029478172	1.4969249	-2.0910344	0.426149	0.029478172	0.049683683	0.06364994	0.17908758	0.222439	1.4991363	0.214592	1.971696	0.35625502	1.6102	-2.0616221	0.594303	0.030563978	0.059040736	0.11908448	0.23697166	0.308242	1.6228766	0.315019	2.277171	0.23315316	6
179	[2, 0.0005, 12, 8, 24, 64, 15, 0.4, 1, 30, 0.2, 3, 2, True]	1.4720858	1.4720858	1.4701285	0.38116792	0.02894098	1.4720858	-1.9842569	0.430799	0.02894098	0.050244316	0.0677578	0.18188396	0.225804	1.4701285	0.217426	2.034326	0.38116792	1.5947837	-2.0250573	0.593247	0.030247992	0.058456816	0.1159632	0.23681717	0.303868	1.6110842	0.309785	2.247130	0.24735066	4
180	[1, 0.0003, 8, 16, 24, 48, 9, 0.5, 1, 10, 0.2, 0.1, 3, True]	1.4142307	1.4142307	1.4122391	0.51283807	0.027746625	1.4142307	-1.5876476	0.423641	0.027746625	0.04957105	0.0686821	0.1792546	0.221297	1.4122391	0.213141	2.048154	0.51283807	1.5141417	-2.0220225	0.546869	0.0285217	0.05572066	0.09235577	0.21518739	0.273496	1.5445508	0.283007	2.005396	0.43766558	7
181	[1, 0.0003, 8, 16, 24, 48, 9, 0.5, 1, 10, 0.2, 0.1, 3, True]	1.5774624	1.5774624	1.5358719	0.5089237	0.02567965	1.5774624	-2.2969177	0.435748	0.02567965	0.050811373	0.07161535	0.18471298	0.233217	1.5358719	0.222661	2.091433	0.5089237	1.6485131	-3.1182694	0.520851	0.026780847	0.05372811	0.084223345	0.20532288	0.269296	1.6617428	0.276773	1.915068	0.40686318	54
182	[1, 0.0003, 8, 16, 24, 48, 9, 0.5, 1, 10, 0.2, 0.1, 3, True]	1.4758574	1.4758574	1.4425938	0.3983866	0.027358556	1.4758574	-1.9740644	0.425648	0.027358556	0.049494307	0.063836165	0.1783228	0.221636	1.4425938	0.214272	1.974578	0.3983866	1.5800649	-2.1374269	0.559130	0.028507253	0.05549629	0.10281856	0.2215702	0.290921	1.5856706	0.297866	2.115942	0.28945705	7
183	[1, 0.0003, 8, 16, 24, 48, 9, 0.5, 1, 10, 0.2, 0.1, 3, True]	1.469411	1.469411	1.4460834	0.5218573	0.024863156	1.469411	-1.7697803	0.421426	0.024863156	0.049111173	0.07023502	0.17831026	0.225459	1.4460834	0.215953	2.071179	0.5218573	1.574162	-2.6594684	0.511472	0.026420034	0.052692063	0.08166788	0.20187518	0.264120	1.6053737	0.273315	1.885791	0.42217547	31
184	[1, 0.0003, 8, 16, 24, 48, 9, 0.5, 1, 10, 0.2, 0.1, 3, True]	1.4792695	1.4792695	1.4766406	0.5460101	0.025028823	1.4792695	-1.8732527	0.424147	0.025028823	0.0494056	0.065626904	0.17845207	0.222473	1.4766406	0.214912	2.002082	0.5460101	1.5764679	-2.7543921	0.504238	0.025892118	0.05158607	0.078020476	0.19873855	0.258254	1.614726	0.265496	1.843200	0.4269109	45
185	[1, 0.0003, 8, 16, 24, 48, 9, 0.5, 2, 10, 0.2, 0.1, 3, True]	1.4978616	1.4978616	1.483319	0.5435906	0.024840513	1.4978616	-2.0777814	0.426908	0.024840513	0.049489383	0.066577114	0.17992558	0.225113	1.483319	0.217915	2.016524	0.5435906	1.5846074	-2.7944784	0.505204	0.025971323	0.051852487	0.07816129	0.19918753	0.258351	1.6244199	0.264667	1.844862	0.42707717	55
186	[2, 0.0005, 12, 8, 24, 64, 5, 0.4, 1, 30, 0.2, 0.1, 3, True]	1.5254207	1.5254207	1.4870449	0.38123167	0.028518004	1.5254207	-2.0306435	0.428350	0.028518004	0.049828894	0.066580065	0.18053862	0.226157	1.4870449	0.217904	2.016569	0.38123167	1.6019845	-2.272862	0.565306	0.028741604	0.055729166	0.10517065	0.22433415	0.293301	1.5898154	0.297992	2.140008	0.3042325	4
187	[1, 0.0003, 8, 12, 24, 48, 5, 0.5, 1, 64, 0.05, 1, 2, True]	1.4998591	1.4998591	1.4778763	0.5411851	0.025064196	1.4998591	-2.0179472	0.424503	0.025064196	0.049515292	0.067397006	0.1791176	0.225884	1.4778763	0.216906	2.028902	0.5411851	1.5848454	-2.7470815	0.511980	0.026359605	0.052566007	0.080899954	0.20169038	0.263011	1.6112589	0.271801	1.876905	0.42494026	35
188	[2, 0.0005, 12, 8, 24, 48, 9, 0.5, 1, 30, 0.2, 0.1, 3, True]	1.491833	1.491833	1.4830574	0.5621205	0.024773298	1.491833	-2.1214194	0.426206	0.024773298	0.04917485	0.06460656	0.17898744	0.224706	1.4830574	0.217932	1.986457	0.5621205	1.6021196	-2.8122075	0.513879	0.02627585	0.052365404	0.0809669	0.20271127	0.263758	1.6345258	0.270360	1.877681	0.4188777	28
189	[2, 0.0005, 8, 12, 32, 32, 5, 0.4, 1, 10, 0.2, 0.1, 2, True]	1.5145668	1.5145668	1.488363	0.5358652	0.025182664	1.5145668	-2.0622702	0.425929	0.025182664	0.049401753	0.06553627	0.17945416	0.224896	1.488363	0.217466	2.000699	0.5358652	1.6133384	-2.8860762	0.513290	0.026213022	0.05215917	0.08240319	0.20289126	0.265820	1.6296159	0.271991	1.894262	0.41580576	32
190	[2, 0.0003, 12, 8, 24, 64, 9, 0.5, 1, 30, 0.05, 0.1, 3, True]	1.4749339	1.4749339	1.4728318	0.5035588	0.025941642	1.4749339	-1.8995616	0.429562	0.025941642	0.04995035	0.07061016	0.18091215	0.226142	1.4728318	0.218252	2.076703	0.5035588	1.5936916	-2.817308	0.524071	0.027392289	0.054635096	0.08429159	0.20631452	0.267068	1.6350076	0.277721	1.915844	0.42388496	17
191	[2, 0.0005, 12, 8, 16, 64, 5, 0.5, 1, 40, 0.1, 0.1, 3, True]	1.4796808	1.4796808	1.4478029	0.5406784	0.024965962	1.4796808	-1.9953945	0.426262	0.024965962	0.049404804	0.065928064	0.1782163	0.222986	1.4478029	0.216836	2.006670	0.5406784	1.5766356	-2.6366503	0.509233	0.026046425	0.05184799	0.08083211	0.20074245	0.262469	1.5956753	0.268201	1.876117	0.41058713	44
192	[2, 0.0005, 12, 8, 16, 64, 5, 0.5, 1, 40, 0.2, 0.1, 3, True]	1.4903373	1.4903373	1.4807397	0.5491105	0.024924185	1.4903373	-1.8808254	0.421412	0.024924185	0.049050905	0.06489011	0.17698978	0.221247	1.4807397	0.213963	1.990811	0.5491105	1.593773	-2.9499018	0.507096	0.026071278	0.052057818	0.07684867	0.19936071	0.257244	1.6346347	0.265963	1.829306	0.45754698	19
193	[2, 0.0005, 12, 8, 16, 64, 5, 0.5, 1, 40, 0.2, 0.1, 3, True]	1.4595143	1.4595143	1.4246802	0.52264506	0.025078887	1.4595143	-1.8289223	0.425559	0.025078887	0.049363352	0.06958607	0.17992415	0.227040	1.4246802	0.218513	2.061589	0.52264506	1.5761268	-2.5884736	0.518225	0.0266008	0.052822903	0.0835382	0.20374043	0.266462	1.5960845	0.274513	1.907263	0.40493676	32
194	[2, 0.0005, 12, 8, 24, 64, 5, 0.5, 1, 40, 0.2, 0.1, 3, True]	1.474004	1.474004	1.447719	0.51538247	0.025491262	1.474004	-2.0564656	0.433479	0.025491262	0.050239246	0.07454233	0.18364553	0.233178	1.447719	0.222582	2.133744	0.51538247	1.5757996	-2.6171672	0.524608	0.027331164	0.0543791	0.08532641	0.20572181	0.268281	1.6034417	0.279363	1.927568	0.4149871	19
195	[2, 0.0005, 12, 8, 24, 64, 5, 0.5, 1, 10, 0.05, 1, 3, True]	1.534767	1.534767	1.50396	0.5046475	0.025920589	1.534767	-2.255549	0.437021	0.025920589	0.05063648	0.07287763	0.18465358	0.233406	1.50396	0.224950	2.109784	0.5046475	1.6106118	-2.7535875	0.522195	0.027089674	0.05388178	0.086545676	0.20716742	0.272187	1.6301962	0.280273	1.941291	0.4051451	19
196	[2, 0.0005, 8, 12, 24, 48, 5, 0.4, 1, 30, 0.2, 0.1, 2, True]	1.5215424	1.5215424	1.491902	0.54901356	0.024735544	1.5215424	-2.1733603	0.426584	0.024735544	0.04928875	0.06824224	0.18023862	0.228980	1.491902	0.219774	2.041585	0.54901356	1.6313913	-3.0627887	0.512924	0.026270429	0.052552003	0.08162945	0.20247024	0.264423	1.6568668	0.270506	1.885348	0.42426246	31
197	[1, 0.0003, 12, 8, 24, 64, 15, 0.6, 1, 10, 0.2, 0.1, 3, True]	1.4754497	1.4754497	1.4512905	0.38921311	0.02972867	1.4754497	-1.7698749	0.428894	0.02972867	0.049858954	0.06830631	0.18027203	0.225170	1.4512905	0.217513	2.042543	0.38921311	1.5811402	-1.8721505	0.601730	0.030916525	0.059323736	0.124547936	0.23982055	0.309840	1.592608	0.315834	2.328822	0.27608782	6
198	[2, 0.0005, 8, 12, 16, 48, 9, 0.5, 1, 30, 0.2, 3, 3, True]	1.4824798	1.4824798	1.4707409	0.5563912	0.025029419	1.4824798	-2.0583792	0.430877	0.025029419	0.049699984	0.06611272	0.18104593	0.226372	1.4707409	0.219513	2.009479	0.5563912	1.6086967	-2.9470012	0.513341	0.02622119	0.052135576	0.081138164	0.20264496	0.262721	1.6394063	0.269347	1.879666	0.41233575	30
199	[2, 0.0005, 8, 8, 24, 64, 5, 0.4, 1, 10, 0.1, 0.1, 2, True]	1.4244567	1.4244567	1.4166616	0.4455325	0.027829137	1.4244567	-1.9609463	0.426057	0.027829137	0.049616437	0.06618556	0.17920426	0.223521	1.4166616	0.216069	2.010585	0.4455325	1.5311654	-1.8578483	0.564147	0.028906144	0.056016486	0.101490594	0.22284336	0.286905	1.5691688	0.295202	2.102233	0.30322567	4
