Baseline Comparison Results (val/test)
==========================================================================================================================================================================================================
Model                 Split          RSE(window)      R2-Score          MASE         SMAPE          MAPE           MSE           MAE          RMSE           RAE      Hist-RSE    Global-RSE          Corr  
----------------------------------------------------------------------------------------------------------------------------------------------------------------------------------------------------------
ARIMA                 val                 1.4457       -1.7740        0.5185        0.0157        0.0308        0.0244        0.1133        0.1427        1.4282        0.1445        1.2552        0.3763  
ARIMA                 test                1.2750       -1.0889        0.6367        0.0170        0.0330        0.0428        0.1408        0.1803        1.1950        0.1852        1.1917        0.5754  
VAR                   val                 2.6481       -9.4401        0.7451        0.0215        0.0433        0.0639        0.1753        0.2318        2.4878        0.2140        2.0299        0.2509  
VAR                   test                2.0906       -6.0724        0.8014        0.0222        0.0439        0.0729        0.1895        0.2500        1.8913        0.2315        1.5558        0.4647  
LSTM                  val                 2.2812       -7.2838        0.7237        0.0238        0.0485        0.0556        0.1792        0.2076        2.4880        0.1948        1.8941        0.3735  
LSTM                  test                1.6689       -3.8028        0.8574        0.0230        0.0449        0.0720        0.1882        0.2238        1.6604        0.2349        1.5455        0.5987  
MTGNN                 val                 1.5019       -2.1800        0.5146        0.0155        0.0308        0.0236        0.1122        0.1421        1.4805        0.1426        1.2339        0.3599  
MTGNN                 test                1.3753       -1.5256        0.6731        0.0179        0.0352        0.0465        0.1508        0.1914        1.2890        0.1977        1.2428        0.5591  
ARIMA+Transformer     val                 1.5686       -2.6069        0.5203        0.0155        0.0309        0.0249        0.1168        0.1463        1.5570        0.1427        1.2674        0.4111  
ARIMA+Transformer     test                1.3574       -1.8998        0.5835        0.0156        0.0308        0.0376        0.1331        0.1732        1.2524        0.1731        1.1177        0.5975  
==========================================================================================================================================================================================================
