Baseline Comparison Results (val/test)
==========================================================================================================================================================================================================
Model                 Split          RSE(window)      R2-Score          MASE         SMAPE          MAPE           MSE           MAE          RMSE           RAE      Hist-RSE    Global-RSE          Corr  
----------------------------------------------------------------------------------------------------------------------------------------------------------------------------------------------------------
ARIMA                 val                 1.4922       -1.8208        0.4748        0.0213        0.0410        0.0435        0.1449        0.1812        1.4689        0.1861        1.6320        0.4393  
ARIMA                 test                1.5503       -1.9628        0.5988        0.0230        0.0444        0.0768        0.1914        0.2481        1.5334        0.2442        1.7338        0.4553  
VAR                   val                 3.2105      -15.1007        0.7094        0.0301        0.0606        0.1295        0.2418        0.3256        2.9606        0.2945        2.8168        0.2597  
VAR                   test                2.7909      -13.0956        0.8361        0.0330        0.0653        0.1672        0.2821        0.3738        2.6777        0.3397        2.5584        0.3198  
LSTM                  val                 1.8941       -6.7500        0.5037        0.0248        0.0507        0.0555        0.1692        0.1964        2.0865        0.1950        1.8450        0.5156  
LSTM                  test                1.8483       -3.4817        0.7917        0.0311        0.0608        0.1274        0.2571        0.3074        1.9353        0.3080        2.2330        0.4364  
MTGNN                 val                 1.4232       -1.6850        0.4319        0.0194        0.0380        0.0340        0.1324        0.1655        1.4117        0.1685        1.4442        0.4824  
MTGNN                 test                1.5751       -1.9171        0.6466        0.0244        0.0473        0.0876        0.2072        0.2655        1.5640        0.2630        1.8511        0.4143  
ARIMA+Transformer     val                 1.6251       -2.5622        0.4654        0.0212        0.0419        0.0407        0.1458        0.1822        1.6057        0.1828        1.5794        0.4719
ARIMA+Transformer     test                1.5332       -2.3625        0.5741        0.0214        0.0420        0.0687        0.1815        0.2348        1.5269        0.2333        1.6403        0.5030
==========================================================================================================================================================================================================
