Baseline Comparison Results (val/test)
==========================================================================================================================================================================================================
Model                 Split          RSE(window)      R2-Score          MASE         SMAPE          MAPE           MSE           MAE          RMSE           RAE      Hist-RSE    Global-RSE          Corr  
----------------------------------------------------------------------------------------------------------------------------------------------------------------------------------------------------------
ARIMA                 val                 1.1761       -0.7564        0.6565        0.0106        0.0211        0.0117        0.0808        0.1006        1.1653        0.1000        0.8716        0.5059  
ARIMA                 test                0.8234        0.0978        0.6622        0.0094        0.0184        0.0126        0.0794        0.0979        0.7727        0.1037        0.5771        0.7710  
VAR                   val                 1.7864       -3.1940        0.9015        0.0147        0.0295        0.0258        0.1177        0.1503        1.7194        0.1379        1.2950        0.4081  
VAR                   test                1.3104       -1.4357        0.8684        0.0127        0.0250        0.0221        0.1107        0.1382        1.2465        0.1317        0.7646        0.6398  
LSTM                  val                 1.8789       -4.0548        1.0305        0.0183        0.0368        0.0312        0.1385        0.1589        1.9792        0.1514        1.4227        0.4734  
LSTM                  test                1.7417       -3.1691        1.6906        0.0235        0.0450        0.0819        0.2015        0.2322        1.7228        0.2458        1.4724        0.5386  
MTGNN                 val                 1.1422       -0.6092        0.6357        0.0104        0.0208        0.0111        0.0784        0.0996        1.1101        0.0998        0.8474        0.5179  
MTGNN                 test                0.8884       -0.0660        0.7354        0.0101        0.0199        0.0158        0.0871        0.1081        0.8267        0.1155        0.6468        0.7644  
ARIMA+Transformer     val                 1.1929       -0.8115        0.6526        0.0105        0.0209        0.0116        0.0810        0.1009        1.1777        0.0996        0.8684        0.5086  
ARIMA+Transformer     test                0.8311        0.0158        0.6362        0.0091        0.0180        0.0114        0.0762        0.0939        0.7767        0.0997        0.5503        0.7691  
==========================================================================================================================================================================================================
B-MTGNN Val                               1.1062406	   -0.49581987	  0.655163	    0.010512574	  0.0212139	    0.011288015	  0.07998251	0.099549	  1.0943913	    0.100848	  0.856209	    0.52179044
B-MTGNN Test                              0.8835216	    0.030741964	  0.791191	    0.010776048	  0.021127047	0.018652609	  0.094146185	0.115501	  0.8256073	    0.122800	  0.702864	    0.7532242
