Baseline Comparison Results (val/test)
==========================================================================================================================================================================================================
Model                 Split          RSE(window)      R2-Score          MASE         SMAPE          MAPE           MSE           MAE          RMSE           RAE      Hist-RSE    Global-RSE          Corr  
----------------------------------------------------------------------------------------------------------------------------------------------------------------------------------------------------------
ARIMA                 val                 1.9259       -3.9367        0.5274        0.0572        0.1026        0.4124        0.4035        0.4942        1.8916        0.4594        5.4035        0.2403  
ARIMA                 test                1.4415       -1.3552        0.4824        0.0501        0.0915        0.3049        0.3514        0.4396        1.3848        0.4377        4.0359        0.3298  
VAR                   val                11.4142     -254.2315        1.5535        0.1697        0.3170        4.8845        1.3182        1.9156        9.3527        1.5747       18.5971        0.2454  
VAR                   test                3.8299      -22.5780        0.7485        0.0756        0.1472        0.9700        0.6083        0.8551        3.3307        0.7268        7.1990        0.3082  
LSTM                  val                 1.7206       -4.5198        0.3478        0.0384        0.0782        0.1488        0.2759        0.3325        1.7711        0.3040        3.2457        0.4197  
LSTM                  test                2.0916       -4.9788        0.5410        0.0573        0.1198        0.3389        0.4305        0.5231        2.1294        0.4874        4.2555       -0.1319  
MTGNN                 val                 1.7964       -2.9247        0.4585        0.0507        0.0943        0.3571        0.3760        0.4549        1.7784        0.3977        5.0281        0.3796  
MTGNN                 test                1.5812       -2.7793        0.4303        0.0446        0.0843        0.3267        0.3576        0.4491        1.5020        0.3972        4.1781        0.4503  
ARIMA+Transformer     val                 1.6705       -2.8805        0.3696        0.0378        0.0741        0.2144        0.2908        0.3646        1.6105        0.3290        3.8963        0.4495
ARIMA+Transformer     test                1.7772       -3.3409        0.4424        0.0465        0.0898        0.2187        0.3362        0.4200        1.7417        0.4017        3.4183        0.3907
==========================================================================================================================================================================================================
B-MTGNN Val                               1.5077274	   -2.040081	  0.420635	    0.045662925	  0.08713732	0.33954257	  0.34954455	0.421908	  1.5132598	    0.365884	  4.903241	    0.47628388
B-MTGNN Test                              1.3304579	   -1.1851977	  0.397599	    0.041418415	  0.07942774	0.276924	  0.33230487	0.409481	  1.291372	    0.363649	  3.846506	    0.58804363
