Iter	hps	sum	rrse	rrae	corr	smape	valid rse	valid r2	valid mase	valid smape	valid mape	valid mse	valid mae	valid rmse	valid rae	valid hist_rse	valid global_rse	valid corr	test rse	test r2	test mase	test smape	test mape	test mse	test mae	test rmse	test rae	test hist_rse	test global_rse	test corr	best_epoch
0	[1, 0.0005, 8, 12, 32, 48, 7, 0.6, 2, 64, 0.2, 0.1, 3, True]	1.8677523	1.8677523	1.8600214	0.20881681	0.060008254	1.8677523	-4.2127376	0.492759	0.060008254	0.10266711	0.35145098	0.38519225	0.466381	1.8600214	0.425186	4.988483	0.20881681	1.567241	-1.5390993	0.559641	0.057045884	0.103540674	0.47738084	0.42918688	0.527613	1.5293661	0.499864	5.050317	0.2715383	3
1	[2, 0.0003, 12, 8, 16, 64, 7, 0.4, 1, 64, 0.1, 3, 2, True]	1.8576648	1.8576648	1.8433567	0.4923278	0.053156037	1.8576648	-4.0165367	0.483075	0.053156037	0.10097011	0.3439153	0.38009694	0.461189	1.8433567	0.418456	4.934713	0.4923278	1.3275211	-1.1304415	0.426460	0.043941893	0.08337376	0.29973328	0.3293295	0.410066	1.2861375	0.392225	4.001784	0.5895536	34
2	[1, 0.0003, 12, 8, 16, 64, 7, 0.5, 1, 10, 0.05, 0.1, 2, True]	1.8978277	1.8978277	1.8840572	0.49871445	0.05389557	1.8978277	-4.303839	0.491069	0.05389557	0.10332347	0.3604015	0.3891354	0.470300	1.8840572	0.423764	5.051605	0.49871445	1.2864227	-1.0295858	0.411716	0.042566676	0.08082021	0.28251702	0.31924218	0.396195	1.2440244	0.378205	3.885156	0.6135784	66
3	[2, 0.0008, 12, 12, 24, 48, 5, 0.6, 1, 30, 0.1, 1, 2, True]	1.7206012	1.7206012	1.7083454	0.43128055	0.051997535	1.7206012	-3.2389824	0.475479	0.051997535	0.09801997	0.39042288	0.39737925	0.479462	1.7083454	0.415219	5.257796	0.43128055	1.4177558	-2.0290918	0.424216	0.04303261	0.08352354	0.28178895	0.34074563	0.418470	1.4163412	0.386417	3.880146	0.6097194	56
4	[1, 0.0003, 8, 8, 24, 32, 15, 0.4, 1, 20, 0.05, 1, 3, True]	1.9026195	1.9026195	1.8705498	0.20833172	0.05871868	1.9026195	-4.4199286	0.496644	0.05871868	0.10191618	0.36801627	0.3885226	0.467348	1.8705498	0.424838	5.104693	0.20833172	1.5266623	-1.4034163	0.530802	0.05480431	0.09948442	0.43514743	0.40824112	0.505049	1.4738023	0.477908	4.821746	0.27423757	5
5	[1, 0.0008, 8, 8, 24, 64, 15, 0.6, 2, 40, 0.2, 0.1, 3, True]	1.8179203	1.8179203	1.8138238	0.47118405	0.05246813	1.8179203	-4.228268	0.482494	0.05246813	0.10155881	0.35050344	0.3842082	0.464598	1.8138238	0.416047	4.981754	0.47118405	1.2955248	-0.9888525	0.413434	0.04302413	0.08144845	0.28114623	0.32106665	0.398718	1.2468339	0.379402	3.875719	0.59308034	14
6	[1, 0.0008, 12, 12, 16, 64, 15, 0.4, 1, 10, 0.2, 1, 3, True]	1.8303422	1.8303422	1.8195096	0.21163864	0.057517927	1.8303422	-3.7949724	0.483472	0.057517927	0.10054376	0.3463194	0.37926656	0.458964	1.8195096	0.416826	4.951930	0.21163864	1.4434643	-1.1640391	0.511651	0.05269293	0.095655456	0.41429988	0.3919365	0.486118	1.3906199	0.462943	4.704826	0.3183904	2
7	[1, 0.0008, 8, 12, 24, 48, 9, 0.4, 1, 30, 0.05, 0.1, 3, True]	1.6485283	1.6485283	1.6444849	0.4001628	0.049770374	1.6485283	-2.5005305	0.444674	0.049770374	0.091444805	0.35039797	0.36849326	0.445335	1.6444849	0.386715	4.981004	0.4001628	1.3084434	-1.022086	0.405143	0.041727405	0.07971696	0.2305447	0.30909774	0.389337	1.2574164	0.375232	3.509649	0.571261	63
8	[1, 0.0005, 8, 16, 16, 48, 15, 0.5, 1, 64, 0.1, 3, 3, True]	1.8618991	1.8618991	1.8315585	0.46866602	0.0525304	1.8618991	-4.2256637	0.474233	0.0525304	0.10057001	0.34078524	0.37679324	0.458963	1.8315585	0.412571	4.912205	0.46866602	1.2962285	-1.0762798	0.407092	0.04223754	0.08074375	0.26758257	0.31456244	0.391516	1.2538362	0.375458	3.781073	0.5974735	34
9	[2, 0.0005, 12, 12, 24, 64, 7, 0.5, 1, 64, 0.05, 3, 2, True]	1.928434	1.928434	1.8810326	0.48631132	0.05334927	1.928434	-4.8477955	0.487457	0.05334927	0.1036311	0.35065356	0.38899353	0.474382	1.8810326	0.424704	4.982820	0.48631132	1.3389354	-1.1958469	0.426101	0.043956313	0.0835671	0.30224597	0.33061263	0.412995	1.2890868	0.393765	4.018522	0.58684665	26
10	[2, 0.0008, 8, 16, 32, 32, 9, 0.4, 1, 30, 0.05, 0.1, 3, True]	1.79061	1.79061	1.7713004	0.4753239	0.04992007	1.79061	-3.2904625	0.458656	0.04992007	0.093893185	0.34672964	0.3735804	0.449736	1.7713004	0.390496	4.954862	0.4753239	1.276058	-0.8847904	0.407697	0.04224683	0.080052845	0.25833863	0.31629556	0.391884	1.2352611	0.373003	3.715188	0.6108004	53
11	[2, 0.0008, 12, 12, 24, 48, 5, 0.6, 1, 30, 0.1, 1, 2, True]	1.7524582	1.7524582	1.752836	0.45927972	0.049447007	1.7524582	-3.4925218	0.447350	0.049447007	0.091816105	0.35511515	0.3732673	0.446678	1.752836	0.384861	5.014420	0.45927972	1.3358598	-1.1469696	0.407032	0.04173927	0.08143225	0.25287035	0.3196758	0.398902	1.2988021	0.375533	3.675658	0.5764281	52
12	[2, 0.0008, 12, 12, 24, 48, 9, 0.6, 1, 30, 0.1, 1, 2, True]	1.8663013	1.8663013	1.8538723	0.45720413	0.053327303	1.8663013	-4.3117924	0.478801	0.053327303	0.099655375	0.33581266	0.37955284	0.460900	1.8538723	0.412774	4.876235	0.45720413	1.3211113	-1.0441453	0.426527	0.044009082	0.08310331	0.30040568	0.33012947	0.412342	1.2760605	0.393558	4.006270	0.56859666	16
13	[2, 0.0008, 8, 12, 24, 48, 20, 0.6, 1, 30, 0.1, 0.1, 2, True]	1.7181144	1.7181144	1.6951654	0.45843166	0.05065173	1.7181144	-3.1714776	0.459016	0.05065173	0.09363416	0.35274014	0.37459213	0.451297	1.6951654	0.399071	4.997623	0.45843166	1.2629263	-0.87329143	0.415577	0.04283931	0.081589796	0.2760751	0.32219395	0.396687	1.22928	0.379695	3.840606	0.5730684	53
14	[1, 0.0008, 8, 12, 24, 48, 20, 0.4, 1, 30, 0.05, 0.1, 3, True]	1.8516676	1.8516676	1.8507428	0.44705826	0.05345275	1.8516676	-4.001315	0.480227	0.05345275	0.10031345	0.34064347	0.3810157	0.464835	1.8507428	0.417877	4.911183	0.44705826	1.3235114	-1.0180075	0.424490	0.044027425	0.08312496	0.29104692	0.32911745	0.408780	1.2824857	0.389983	3.943371	0.5634035	8
15	[2, 0.0008, 8, 12, 24, 48, 20, 0.4, 1, 40, 0.05, 0.1, 2, True]	1.861451	1.861451	1.8550518	0.46836206	0.05334189	1.861451	-4.6687875	0.480942	0.05334189	0.101297386	0.34562507	0.3832774	0.467251	1.8550518	0.418752	4.946964	0.46836206	1.3473941	-1.1714814	0.426184	0.04420761	0.08380545	0.28897482	0.3313999	0.409345	1.3053596	0.388979	3.929309	0.5911854	9
16	[1, 0.0008, 8, 16, 32, 48, 9, 0.6, 1, 20, 0.1, 0.1, 3, True]	1.584078	1.584078	1.5762275	0.44749779	0.04755973	1.584078	-2.5175102	0.443480	0.04755973	0.09007347	0.34569803	0.3658824	0.441878	1.5762275	0.384640	4.947486	0.44749779	1.2425829	-0.8367099	0.400869	0.04118072	0.079017825	0.2573205	0.3137561	0.390757	1.1916202	0.368969	3.707860	0.60645354	77
17	[1, 0.0008, 8, 16, 32, 32, 9, 0.4, 1, 20, 0.05, 0.1, 3, True]	1.6521038	1.6521038	1.6680318	0.46781027	0.04945535	1.6521038	-3.007812	0.452507	0.04945535	0.0923199	0.37194782	0.37592936	0.449208	1.6680318	0.390062	5.131888	0.46781027	1.2954972	-1.011188	0.410046	0.042638842	0.08026897	0.25626123	0.31937683	0.397405	1.2494962	0.377239	3.700220	0.57071406	79
18	[1, 0.0003, 8, 16, 32, 48, 9, 0.6, 1, 20, 0.1, 0.1, 3, True]	1.9349273	1.9349273	1.8958888	0.47712517	0.05350261	1.9349273	-4.486602	0.485654	0.05350261	0.102315165	0.34425226	0.38431367	0.469669	1.8958888	0.423419	4.937129	0.47712517	1.3031794	-1.052445	0.414689	0.042792235	0.08179322	0.28245315	0.3227549	0.400748	1.26491	0.380702	3.884716	0.60495883	38
19	[1, 0.0005, 8, 16, 32, 48, 9, 0.5, 1, 20, 0.2, 0.1, 3, True]	1.744734	1.744734	1.726539	0.4427132	0.05186857	1.744734	-3.7636566	0.467261	0.05186857	0.09763594	0.40144938	0.39169627	0.478793	1.726539	0.409807	5.331525	0.4427132	1.3326936	-1.2231464	0.411960	0.04330778	0.08267744	0.26149815	0.31927437	0.402140	1.2688688	0.382988	3.737838	0.54724544	95
20	[1, 0.0008, 8, 16, 32, 32, 9, 0.6, 1, 20, 0.05, 3, 3, True]	1.8780563	1.8780563	1.8493506	0.4614112	0.0533442	1.8780563	-4.6043043	0.475916	0.0533442	0.10125971	0.3401915	0.3805948	0.464452	1.8493506	0.414905	4.907924	0.4614112	1.3436725	-1.1216711	0.428374	0.044164423	0.08360308	0.30229232	0.3322191	0.416102	1.290715	0.396514	4.018831	0.55982363	17
21	[1, 0.0008, 8, 16, 32, 32, 9, 0.4, 1, 20, 0.05, 0.1, 3, True]	1.6735007	1.6735007	1.6649712	0.41402924	0.048905395	1.6735007	-2.9547286	0.432576	0.048905395	0.09403999	0.35205236	0.3648887	0.441394	1.6649712	0.382911	4.992749	0.41402924	1.302034	-0.91914916	0.425601	0.043741956	0.08351853	0.27945322	0.33245617	0.413515	1.2647278	0.393401	3.864032	0.54614246	83
22	[1, 0.0008, 8, 16, 32, 32, 9, 0.4, 1, 20, 0.05, 0.1, 3, True]	1.717698	1.717698	1.7029487	0.44983476	0.050602436	1.717698	-3.0620227	0.453292	0.050602436	0.094132766	0.38099423	0.37841767	0.454636	1.7029487	0.394024	5.193921	0.44983476	1.231839	-0.77340424	0.404848	0.0418158	0.07999906	0.25844884	0.3129643	0.389459	1.1862229	0.371880	3.715980	0.59781003	49
23	[1, 0.0008, 8, 16, 32, 32, 9, 0.4, 1, 20, 0.05, 0.1, 3, True]	1.8369917	1.8369917	1.8182886	0.48429126	0.05273737	1.8369917	-3.8560538	0.466573	0.05273737	0.0993425	0.34375733	0.37608466	0.454052	1.8182886	0.404783	4.933579	0.48429126	1.288058	-0.993263	0.417162	0.04306655	0.081761196	0.28591552	0.32257453	0.400253	1.2407285	0.382990	3.908454	0.595738	21
24	[1, 0.0008, 8, 16, 32, 32, 9, 0.4, 1, 20, 0.05, 0.1, 3, True]	1.6467427	1.6467427	1.6375458	0.44091076	0.04898195	1.6467427	-2.607824	0.444703	0.04898195	0.09065635	0.3570128	0.3661976	0.444118	1.6375458	0.385732	5.027800	0.44091076	1.2946383	-0.9786199	0.408126	0.042408742	0.08087035	0.2617528	0.31920242	0.400335	1.2335805	0.378412	3.739657	0.5735556	96
25	[1, 0.0008, 8, 16, 32, 48, 9, 0.4, 1, 40, 0.1, 0.1, 3, True]	1.7560458	1.7560458	1.7655449	0.4228184	0.051810995	1.7560458	-4.0920463	0.474261	0.051810995	0.09651789	0.38409397	0.39864507	0.477893	1.7655449	0.408168	5.215007	0.4228184	1.3059375	-0.95159584	0.418404	0.04335358	0.081439644	0.28708595	0.32994038	0.411154	1.2486717	0.385175	3.916446	0.57333636	55
26	[1, 0.0008, 8, 16, 32, 32, 5, 0.4, 1, 10, 0.05, 0.1, 3, True]	1.8370832	1.8370832	1.8289148	0.44790465	0.05306207	1.8370832	-3.8555288	0.470823	0.05306207	0.09791621	0.33410692	0.37447327	0.458150	1.8289148	0.409283	4.863835	0.44790465	1.3331311	-1.0879196	0.427010	0.04420725	0.0831973	0.29829723	0.3308164	0.411710	1.2865965	0.392226	3.992186	0.5623124	13
27	[1, 0.0008, 8, 16, 32, 48, 9, 0.4, 1, 20, 0.05, 0.1, 3, True]	1.6903684	1.6903684	1.6912282	0.4251272	0.049446993	1.6903684	-3.2119412	0.477224	0.049446993	0.097978786	0.3921932	0.39378086	0.468374	1.6912282	0.408359	5.269703	0.4251272	1.2789509	-1.122539	0.398341	0.041836545	0.07917995	0.285658	0.31624717	0.393113	1.2361553	0.370879	3.906693	0.5638489	44
28	[1, 0.0003, 8, 8, 16, 32, 9, 0.5, 1, 20, 0.2, 0.1, 3, True]	1.8971983	1.8971983	1.8686264	0.48977754	0.052931923	1.8971983	-4.2947063	0.487710	0.052931923	0.10136122	0.3487236	0.38171205	0.463591	1.8686264	0.422199	4.969089	0.48977754	1.3216435	-1.0923193	0.422957	0.04378543	0.08322299	0.29300058	0.32747775	0.406272	1.2757634	0.387338	3.956584	0.60569394	35
29	[1, 0.0005, 8, 16, 32, 48, 9, 0.6, 1, 30, 0.1, 3, 3, True]	1.7793579	1.7793579	1.757707	0.46831006	0.04968322	1.7793579	-3.8932502	0.461834	0.04968322	0.09573777	0.37677497	0.38626257	0.465995	1.757707	0.395558	5.165081	0.46831006	1.2877935	-1.0620959	0.401022	0.041266866	0.07987539	0.2522009	0.31432006	0.391383	1.2454003	0.370832	3.670789	0.57583934	82
30	[1, 0.0005, 8, 12, 32, 48, 9, 0.6, 1, 40, 0.2, 0.1, 3, True]	1.7217982	1.7217982	1.7093618	0.44299597	0.05091728	1.7217982	-2.8121533	0.467997	0.05091728	0.09542774	0.36424226	0.38199076	0.459062	1.7093618	0.402244	5.078451	0.44299597	1.2837274	-1.0354613	0.410512	0.041997094	0.079919435	0.2671469	0.31726804	0.395413	1.2319398	0.375669	3.777993	0.61822987	107
31	[1, 0.0008, 8, 16, 32, 32, 9, 0.4, 1, 20, 0.05, 0.1, 3, True]	1.8195173	1.8195173	1.816475	0.48069435	0.052385807	1.8195173	-3.5355875	0.474480	0.052385807	0.09869988	0.33465245	0.3745082	0.455407	1.816475	0.410927	4.867804	0.48069435	1.3112863	-1.0957038	0.413930	0.04300757	0.0816889	0.2799095	0.32141754	0.397924	1.2752146	0.379129	3.867185	0.6074095	23
32	[1, 0.0008, 8, 16, 32, 32, 9, 0.4, 1, 20, 0.05, 0.1, 3, True]	1.7356845	1.7356845	1.7153685	0.4572697	0.050054867	1.7356845	-3.427747	0.464899	0.050054867	0.09491936	0.37946045	0.38287145	0.461620	1.7153685	0.402805	5.183455	0.4572697	1.3317538	-1.1573929	0.418914	0.042878784	0.08189474	0.27205914	0.32838646	0.405802	1.2928382	0.381244	3.812570	0.6003649	57
33	[1, 0.0008, 8, 16, 32, 32, 7, 0.4, 1, 20, 0.05, 0.1, 3, True]	1.8363849	1.8363849	1.8158249	0.46151227	0.05260728	1.8363849	-3.5516539	0.477233	0.05260728	0.09870241	0.344174	0.37753427	0.461541	1.8158249	0.415366	4.936568	0.46151227	1.3031152	-1.0337676	0.416866	0.04319612	0.0817949	0.28186426	0.32238108	0.399600	1.2647417	0.381905	3.880665	0.5880069	21
34	[1, 0.0008, 8, 16, 32, 32, 9, 0.4, 1, 64, 0.05, 0.1, 3, True]	1.5762154	1.5762154	1.596741	0.46098167	0.048607253	1.5762154	-3.1159985	0.466351	0.048607253	0.09702699	0.39295158	0.38554776	0.462980	1.596741	0.407969	5.274796	0.46098167	1.2692786	-1.0309632	0.409673	0.042327333	0.08070509	0.2557859	0.31756026	0.392707	1.2401335	0.374597	3.696787	0.58386016	63
35	[1, 0.0003, 8, 8, 16, 64, 5, 0.4, 1, 64, 0.05, 0.1, 3, True]	1.9191282	1.9191282	1.8957855	0.23268387	0.057489328	1.9191282	-4.6070943	0.489603	0.057489328	0.101186424	0.35775054	0.38248035	0.465531	1.8957855	0.424117	5.032992	0.23268387	1.4937701	-1.3355069	0.508512	0.052370813	0.095934935	0.40616277	0.39098588	0.489218	1.4399447	0.464584	4.658394	0.29485402	6
36	[1, 0.0008, 12, 8, 24, 32, 7, 0.4, 1, 64, 0.1, 0.1, 3, True]	1.6713241	1.6713241	1.6856841	0.48710975	0.04970991	1.6713241	-2.6792974	0.459257	0.04970991	0.09331386	0.3568036	0.37839085	0.456499	1.6856841	0.398154	5.026327	0.48710975	1.315425	-1.1896232	0.411239	0.042042423	0.0804745	0.26358578	0.3247976	0.401661	1.288844	0.376291	3.752728	0.6051567	79
37	[1, 0.0003, 8, 16, 32, 64, 9, 0.6, 1, 64, 0.05, 1, 3, True]	1.8817616	1.8817616	1.8641238	0.1909284	0.057906214	1.8817616	-4.152978	0.492745	0.057906214	0.10162428	0.3546272	0.38471982	0.463146	1.8641238	0.422756	5.010973	0.1909284	1.5452149	-1.4718659	0.519275	0.053224042	0.097329594	0.43011096	0.40055722	0.507304	1.4731858	0.480130	4.793761	0.19235207	5
38	[1, 0.0008, 8, 12, 16, 48, 15, 0.5, 1, 10, 0.1, 3, 3, True]	1.7388078	1.7388078	1.7113134	0.45379174	0.051282465	1.7388078	-3.650809	0.455022	0.051282465	0.096216	0.36487597	0.37641627	0.459991	1.7113134	0.401537	5.082867	0.45379174	1.2588023	-0.89745015	0.396552	0.041021705	0.07991268	0.23504458	0.3042029	0.380730	1.2197884	0.369557	3.543735	0.56821513	59
39	[1, 0.0008, 12, 16, 24, 32, 20, 0.4, 1, 64, 0.2, 0.1, 2, True]	1.6015426	1.6015426	1.6125722	0.43743038	0.048345607	1.6015426	-2.5316808	0.456083	0.048345607	0.093371496	0.3620812	0.37490368	0.448807	1.6125722	0.391645	5.063364	0.43743038	1.2560755	-0.8976932	0.389977	0.040700495	0.07804202	0.23637244	0.30754992	0.380439	1.2274721	0.359477	3.553731	0.58596367	59
40	[1, 0.0008, 12, 16, 32, 32, 20, 0.4, 1, 64, 0.2, 1, 2, True]	1.742922	1.742922	1.735186	0.43258506	0.05034027	1.742922	-2.8032904	0.461275	0.05034027	0.09229056	0.3896408	0.3888609	0.468563	1.735186	0.397200	5.252527	0.43258506	1.2389122	-0.77489555	0.390263	0.040295076	0.07733209	0.23561029	0.3077057	0.381320	1.2045821	0.356731	3.547997	0.6072337	48
41	[1, 0.0008, 12, 16, 24, 32, 20, 0.4, 1, 64, 0.2, 0.1, 2, True]	1.6977975	1.6977975	1.6823533	0.4437312	0.048983824	1.6977975	-3.8468673	0.442191	0.048983824	0.09329332	0.35119662	0.370872	0.447862	1.6823533	0.387443	4.986677	0.4437312	1.2630157	-0.8757013	0.399857	0.04166172	0.07882165	0.25235203	0.314203	0.387644	1.2389754	0.365930	3.671889	0.56810033	51
42	[1, 0.0008, 12, 16, 24, 32, 20, 0.4, 1, 64, 0.2, 0.1, 2, True]	1.8379918	1.8379918	1.8430332	0.45461756	0.05303494	1.8379918	-3.6990733	0.469883	0.05303494	0.098899774	0.33068812	0.3724425	0.452782	1.8430332	0.407325	4.838886	0.45461756	1.3223608	-1.0259522	0.429213	0.044449057	0.0839914	0.2977218	0.3323395	0.410933	1.293105	0.392448	3.988333	0.5640103	8
43	[1, 0.0008, 12, 16, 24, 32, 20, 0.4, 1, 64, 0.2, 0.1, 2, True]	1.6902776	1.6902776	1.6858883	0.4517309	0.049675003	1.6902776	-2.673917	0.462817	0.049675003	0.09516116	0.3739827	0.38811785	0.464339	1.6858883	0.396545	5.145906	0.4517309	1.3116796	-1.1390823	0.407803	0.041932534	0.08107727	0.24448794	0.3170146	0.396685	1.2760004	0.375517	3.614222	0.59236556	78
44	[1, 0.0008, 12, 8, 24, 64, 15, 0.4, 1, 64, 0.2, 0.1, 2, True]	1.713932	1.713932	1.7141577	0.43941396	0.051678635	1.713932	-2.936985	0.484717	0.051678635	0.09810762	0.381161	0.39421138	0.471464	1.7141577	0.415548	5.195057	0.43941396	1.3228375	-1.0924929	0.421585	0.042709377	0.08154184	0.25204152	0.32119602	0.399957	1.284702	0.385325	3.669629	0.57236886	82
45	[2, 0.0005, 12, 12, 24, 32, 7, 0.6, 1, 30, 0.05, 0.1, 2, True]	1.6472582	1.6472582	1.6513366	0.5030816	0.047231864	1.6472582	-2.9370646	0.427568	0.047231864	0.08784405	0.32077116	0.3523179	0.424468	1.6513366	0.368203	4.765777	0.5030816	1.2127707	-0.74690795	0.402933	0.041916676	0.07940364	0.27304253	0.31422704	0.390721	1.1687012	0.372191	3.819454	0.5984735	83
46	[2, 0.0005, 12, 12, 24, 32, 7, 0.6, 1, 10, 0.05, 3, 2, True]	1.9280963	1.9280963	1.889523	0.45488092	0.05381573	1.9280963	-5.0732875	0.484143	0.05381573	0.10269319	0.34078684	0.38189062	0.464760	1.889523	0.419942	4.912217	0.45488092	1.3577119	-1.1892738	0.432027	0.044799004	0.08508839	0.2995165	0.33629587	0.415356	1.3232956	0.394156	4.000336	0.555886	22
47	[2, 0.0005, 12, 16, 24, 32, 7, 0.6, 1, 30, 0.1, 0.1, 2, True]	1.6355776	1.6355776	1.6290803	0.44050485	0.047263753	1.6355776	-3.190891	0.435442	0.047263753	0.08946147	0.327366	0.35614765	0.426152	1.6290803	0.374180	4.814519	0.44050485	1.234377	-0.7498006	0.406586	0.041517984	0.07939119	0.2613866	0.3153933	0.392885	1.1959882	0.375550	3.737041	0.60819954	79
48	[2, 0.0005, 12, 16, 16, 32, 7, 0.6, 1, 64, 0.1, 1, 2, True]	1.8931587	1.8931587	1.8748047	0.4910858	0.052611344	1.8931587	-4.901087	0.480361	0.052611344	0.10153195	0.32664683	0.37961254	0.463313	1.8748047	0.418312	4.809228	0.4910858	1.326673	-1.1842722	0.418833	0.04354315	0.08279891	0.28263935	0.32544202	0.402534	1.2820938	0.383191	3.885997	0.60554767	24
49	[2, 0.0005, 12, 16, 24, 32, 7, 0.6, 1, 30, 0.1, 0.1, 2, True]	1.8447909	1.8447909	1.8254505	0.48848996	0.052303452	1.8447909	-3.9737823	0.467968	0.052303452	0.09792045	0.32520044	0.37262902	0.454369	1.8254505	0.406440	4.798568	0.48848996	1.3503152	-1.3028358	0.424027	0.04390985	0.08346613	0.29209396	0.32939798	0.408650	1.3071785	0.389701	3.950458	0.5866708	22
50	[2, 0.0005, 12, 16, 24, 32, 5, 0.6, 1, 40, 0.1, 0.1, 2, True]	1.5964472	1.5964472	1.5781581	0.44207522	0.04791856	1.5964472	-2.1806746	0.431418	0.04791856	0.08777897	0.32796964	0.35461095	0.425990	1.5781581	0.371286	4.818956	0.44207522	1.2537706	-0.8132133	0.404546	0.04173015	0.0802052	0.25918868	0.31888822	0.394529	1.21572	0.370728	3.721295	0.59182864	83
51	[2, 0.0005, 12, 16, 24, 32, 5, 0.6, 1, 40, 0.1, 0.1, 2, True]	1.7056005	1.7056005	1.6914668	0.48113263	0.047459364	1.7056005	-3.2003505	0.436681	0.047459364	0.090229586	0.32004356	0.35129768	0.424789	1.6914668	0.378127	4.760370	0.48113263	1.3766518	-1.493269	0.435397	0.044211175	0.08445879	0.30991527	0.3402883	0.419076	1.3478495	0.398182	4.069187	0.5976402	150
52	[2, 0.0005, 12, 16, 24, 32, 5, 0.6, 1, 40, 0.1, 0.1, 2, True]	1.707756	1.707756	1.7049174	0.46914834	0.051286124	1.707756	-3.2461874	0.492203	0.051286124	0.1016179	0.394878	0.40313292	0.482831	1.7049174	0.422689	5.287709	0.46914834	1.2411764	-0.7817629	0.398705	0.041110344	0.07813965	0.24121371	0.30980414	0.384527	1.2003725	0.363574	3.589939	0.6038381	67
53	[2, 0.0005, 12, 16, 24, 32, 5, 0.6, 1, 40, 0.1, 0.1, 2, True]	1.6579376	1.6579376	1.6702387	0.46832696	0.049105268	1.6579376	-2.8854742	0.464874	0.049105268	0.09494104	0.36903277	0.38011438	0.456104	1.6702387	0.401907	5.111738	0.46832696	1.464191	-2.6569567	0.428927	0.04372827	0.084365495	0.28351924	0.34066233	0.416728	1.462415	0.389838	3.892041	0.59995645	96
54	[2, 0.0005, 12, 16, 24, 32, 5, 0.6, 1, 40, 0.1, 0.1, 2, True]	1.6258008	1.6258008	1.6192696	0.44371364	0.04846794	1.6258008	-2.321055	0.445680	0.04846794	0.0911989	0.31566715	0.35359055	0.424922	1.6192696	0.383465	4.727709	0.44371364	1.2454892	-0.86059487	0.407603	0.04197395	0.08066176	0.2625168	0.3161486	0.392705	1.206943	0.374834	3.745111	0.5924882	149
55	[2, 0.0005, 12, 16, 24, 32, 5, 0.6, 1, 40, 0.1, 0.1, 2, True]	1.6253456	1.6253456	1.648199	0.46329963	0.048628967	1.6253456	-2.8890572	0.455210	0.048628967	0.093298316	0.36049324	0.37742	0.450902	1.648199	0.392754	5.052248	0.46329963	1.2719728	-0.94457453	0.409310	0.042253625	0.07997897	0.2641436	0.3192186	0.395094	1.2401108	0.375708	3.756697	0.5931053	67
56	[2, 0.0005, 12, 16, 24, 64, 5, 0.6, 1, 40, 0.1, 0.1, 2, True]	1.6990985	1.6990985	1.6950071	0.4574348	0.05002086	1.6990985	-3.0910676	0.468195	0.05002086	0.09548576	0.3938309	0.39716372	0.474768	1.6950071	0.399643	5.280694	0.4574348	1.2806097	-0.9051715	0.417302	0.04257327	0.081074424	0.26085514	0.32422405	0.399039	1.2522038	0.379210	3.733239	0.6116409	62
57	[2, 0.0005, 12, 16, 24, 32, 5, 0.6, 1, 40, 0.1, 0.1, 2, True]	1.6284764	1.6284764	1.6365075	0.46795306	0.048780546	1.6284764	-2.7050667	0.446215	0.048780546	0.091402575	0.3370943	0.36160448	0.433296	1.6365075	0.384196	4.885531	0.46795306	1.2320523	-0.77258885	0.391943	0.04049541	0.077325985	0.24855669	0.3073644	0.381653	1.1945269	0.361558	3.644172	0.5857897	69
58	[2, 0.0005, 12, 16, 24, 32, 5, 0.6, 1, 40, 0.1, 1, 2, True]	1.5934047	1.5934047	1.5976753	0.47697628	0.048899386	1.5934047	-2.3503585	0.455616	0.048899386	0.09196554	0.35247195	0.36489236	0.436805	1.5976753	0.391537	4.995724	0.47697628	1.298283	-1.3879348	0.394286	0.03982709	0.077169165	0.24181253	0.31077048	0.382684	1.2863067	0.358704	3.594393	0.6467924	118
59	[2, 0.0005, 12, 16, 24, 32, 5, 0.5, 1, 40, 0.1, 1, 2, True]	1.8862008	1.8862008	1.8723943	0.4854527	0.053360514	1.8862008	-4.0193915	0.479060	0.053360514	0.10102089	0.33911154	0.3803609	0.462175	1.8723943	0.416439	4.900128	0.4854527	1.3305532	-1.2442527	0.407860	0.042268034	0.081015676	0.2737479	0.31999996	0.397127	1.2974354	0.375313	3.824384	0.6072404	36
60	[2, 0.0003, 12, 16, 24, 32, 5, 0.6, 1, 40, 0.1, 1, 2, True]	1.8437017	1.8437017	1.8458824	0.47356656	0.05277187	1.8437017	-4.1153235	0.478485	0.05277187	0.10028424	0.33758062	0.3773708	0.456055	1.8458824	0.412009	4.889054	0.47356656	1.318125	-1.1236365	0.414902	0.043086447	0.081859946	0.2824987	0.32329547	0.399670	1.2824274	0.379724	3.885030	0.59593487	41
61	[2, 0.0005, 12, 16, 24, 32, 5, 0.6, 1, 40, 0.1, 1, 2, True]	1.6115615	1.6115615	1.6164219	0.44901806	0.049449403	1.6115615	-2.3975782	0.456555	0.049449403	0.09192748	0.3581475	0.37121648	0.446941	1.6164219	0.391725	5.035784	0.44901806	1.3751758	-1.612527	0.396979	0.0406764	0.0787304	0.27509254	0.32758817	0.403426	1.3529963	0.361959	3.833765	0.59810215	106
62	[2, 0.0005, 12, 16, 24, 32, 5, 0.6, 1, 40, 0.1, 1, 2, True]	1.6346707	1.6346707	1.6416008	0.4253561	0.048115876	1.6346707	-2.610231	0.462535	0.048115876	0.09318162	0.36995715	0.37882647	0.458684	1.6416008	0.401055	5.118136	0.4253561	1.6311958	-2.681994	0.476884	0.046987113	0.09240006	0.3051321	0.37130862	0.462246	1.6145437	0.439476	4.037663	0.5315362	109
63	[2, 0.0005, 12, 16, 24, 32, 5, 0.6, 1, 40, 0.1, 1, 2, True]	1.9296268	1.9296268	1.9052091	0.47253168	0.053644598	1.9296268	-4.499956	0.483761	0.053644598	0.102537304	0.34277818	0.3840823	0.466756	1.9052091	0.419807	4.926548	0.47253168	1.3672097	-1.2409973	0.432148	0.044738654	0.084825255	0.30131596	0.3363163	0.416100	1.3291993	0.395074	4.012335	0.56930107	17
64	[2, 0.0005, 12, 16, 24, 32, 5, 0.6, 1, 40, 0.1, 1, 2, True]	1.8714904	1.8714904	1.8558735	0.4565509	0.053136684	1.8714904	-4.5440803	0.477654	0.053136684	0.100656316	0.33898845	0.38103324	0.461403	1.8558735	0.412456	4.899238	0.4565509	1.3318725	-1.1005094	0.422411	0.04395612	0.08309596	0.2913915	0.32921705	0.408711	1.2910417	0.388551	3.945704	0.57440346	21
65	[2, 0.0005, 12, 16, 24, 48, 5, 0.6, 2, 40, 0.1, 1, 2, True]	1.7671177	1.7671177	1.7575223	0.49316862	0.048506334	1.7671177	-3.5331852	0.449868	0.048506334	0.09161765	0.3558398	0.3779404	0.456855	1.7575223	0.389403	5.019534	0.49316862	1.364647	-1.6024187	0.400049	0.040691953	0.07833848	0.24712865	0.31110498	0.385784	1.336226	0.369818	3.633688	0.5946473	90
66	[2, 0.0005, 12, 16, 24, 32, 20, 0.6, 1, 40, 0.1, 1, 2, True]	1.8332899	1.8332899	1.8336271	0.48517892	0.052163634	1.8332899	-4.603399	0.478410	0.052163634	0.100635596	0.3384219	0.3770881	0.456004	1.8336271	0.411551	4.895143	0.48517892	1.3158076	-1.1075914	0.414749	0.043078657	0.081992194	0.27515	0.32336617	0.397906	1.28979	0.377714	3.834166	0.59715647	24
67	[2, 0.0005, 12, 8, 16, 32, 5, 0.6, 1, 40, 0.1, 1, 2, True]	1.800485	1.800485	1.7747554	0.46399382	0.050142843	1.800485	-3.6376355	0.467071	0.050142843	0.09537611	0.34848413	0.37790015	0.458473	1.7747554	0.402734	4.967383	0.46399382	1.2662055	-0.8569192	0.400399	0.041676152	0.07940445	0.2622134	0.31483576	0.390089	1.2286142	0.368462	3.742946	0.57652813	81
68	[2, 0.0005, 12, 16, 24, 48, 15, 0.5, 1, 10, 0.2, 3, 2, True]	1.8673472	1.8673472	1.8594673	0.48998693	0.052879658	1.8673472	-3.8122318	0.482492	0.052879658	0.10107937	0.34805834	0.38246885	0.464237	1.8594673	0.417999	4.964347	0.48998693	1.3210994	-1.0997946	0.418516	0.04346935	0.082557574	0.28462943	0.32583278	0.402404	1.2871269	0.383144	3.899654	0.6023993	19
69	[2, 0.0003, 12, 16, 32, 32, 5, 0.6, 1, 64, 0.1, 1, 2, True]	1.9169488	1.9169488	1.8837888	0.4800418	0.053351764	1.9169488	-4.7125044	0.484742	0.053351764	0.10248615	0.33446184	0.38281792	0.468886	1.8837888	0.423377	4.866418	0.4800418	1.3371729	-1.1139832	0.427403	0.04407557	0.08381365	0.29571202	0.33094084	0.412572	1.2941079	0.394487	3.974848	0.56851417	38
70	[2, 0.0005, 12, 16, 24, 64, 20, 0.6, 1, 40, 0.1, 1, 2, True]	1.8145294	1.8145294	1.8169826	0.45711127	0.053270366	1.8145294	-3.2042491	0.482039	0.053270366	0.10000355	0.33969674	0.3791177	0.461977	1.8169826	0.418935	4.904354	0.45711127	1.3079281	-1.0658016	0.419261	0.043527827	0.08255122	0.28238326	0.32531556	0.400068	1.27899	0.381476	3.884236	0.59766716	20
71	[2, 0.0005, 12, 16, 24, 32, 5, 0.6, 1, 40, 0.1, 0.1, 2, True]	1.6773454	1.6773454	1.6785923	0.44449165	0.04959863	1.6773454	-3.0537806	0.464979	0.04959863	0.094946794	0.376604	0.38771003	0.466449	1.6785923	0.398430	5.163909	0.44449165	1.2818619	-0.9761572	0.395130	0.041647937	0.079315856	0.2750703	0.32128385	0.397284	1.2420375	0.364480	3.833611	0.5663427	82
72	[2, 0.0005, 12, 16, 24, 32, 5, 0.6, 1, 40, 0.1, 0.1, 2, True]	1.6857775	1.6857775	1.6929942	0.46990645	0.04955504	1.6857775	-3.596039	0.474767	0.04955504	0.097755514	0.39344126	0.40152186	0.474533	1.6929942	0.406155	5.278081	0.46990645	1.2911332	-0.9486769	0.412577	0.042892527	0.0817169	0.27009243	0.32443315	0.400608	1.2522328	0.379946	3.798764	0.5812433	73
73	[2, 0.0005, 12, 16, 24, 32, 5, 0.6, 1, 40, 0.1, 0.1, 2, True]	1.5973365	1.5973365	1.5943329	0.4593625	0.047778595	1.5973365	-2.4914422	0.444898	0.047778595	0.09033462	0.34227788	0.3634315	0.440116	1.5943329	0.385817	4.922951	0.4593625	1.2645917	-0.89056146	0.419045	0.042985607	0.082028836	0.26841804	0.32457656	0.397967	1.2542624	0.379459	3.786971	0.6007911	74
74	[2, 0.0005, 12, 16, 24, 32, 5, 0.6, 1, 40, 0.1, 0.1, 2, True]	1.8800647	1.8800647	1.8885638	0.4624004	0.053978585	1.8800647	-4.174788	0.486070	0.053978585	0.101430446	0.34920877	0.38310185	0.464368	1.8885638	0.419099	4.972545	0.4624004	1.3469291	-1.1237597	0.434040	0.04511134	0.085077085	0.30502117	0.33676758	0.417152	1.311615	0.397933	4.036929	0.5619383	14
75	[2, 0.0008, 12, 16, 32, 32, 5, 0.6, 1, 64, 0.1, 0.1, 2, True]	1.6001358	1.6001358	1.5912948	0.47988126	0.048996482	1.6001358	-3.5320039	0.447802	0.048996482	0.09384095	0.35822773	0.37365708	0.450409	1.5912948	0.390310	5.036348	0.47988126	1.2175359	-0.78696215	0.398777	0.041131146	0.079146035	0.25581193	0.31181422	0.384164	1.1933736	0.365863	3.696975	0.613274	55
76	[2, 0.0008, 8, 16, 32, 48, 5, 0.6, 1, 64, 0.2, 0.1, 2, True]	1.8282682	1.8282682	1.835614	0.45012674	0.05342049	1.8282682	-4.2138515	0.480172	0.05342049	0.102115124	0.3334503	0.38140264	0.463338	1.835614	0.417045	4.859053	0.45012674	1.2941628	-0.9484889	0.433521	0.044902936	0.08487845	0.30171025	0.33298877	0.408467	1.2673962	0.392579	4.014959	0.57543164	7
77	[1, 0.0008, 12, 16, 32, 32, 9, 0.5, 1, 64, 0.1, 3, 3, True]	1.8207196	1.8207196	1.790311	0.46993178	0.052097905	1.8207196	-3.5565245	0.472828	0.052097905	0.097329155	0.35765305	0.37862673	0.461491	1.790311	0.409881	5.032306	0.46993178	1.258047	-0.89729095	0.406819	0.042087514	0.079856	0.2731956	0.3140877	0.389577	1.2137734	0.372589	3.820524	0.6124592	32
78	[1, 0.0008, 8, 8, 32, 32, 20, 0.6, 1, 64, 0.1, 0.1, 2, True]	1.8506123	1.8506123	1.8408436	0.48615348	0.05288284	1.8506123	-4.218507	0.481418	0.05288284	0.10147676	0.34136507	0.3810983	0.464098	1.8408436	0.417635	4.916382	0.48615348	1.3464068	-1.259464	0.418697	0.04350535	0.0824034	0.28274396	0.32731816	0.404918	1.3061745	0.383197	3.886716	0.606209	18
79	[2, 0.0008, 12, 16, 32, 32, 15, 0.6, 1, 64, 0.2, 0.1, 3, True]	1.6236703	1.6236703	1.612751	0.42022136	0.048923865	1.6236703	-3.053716	0.435914	0.048923865	0.08954731	0.35322297	0.36310825	0.439797	1.612751	0.382363	5.001043	0.42022136	1.3284066	-1.3608243	0.401242	0.041717287	0.078865245	0.258125	0.31675294	0.395321	1.2636653	0.372760	3.713652	0.579416	60
80	[1, 0.0008, 8, 16, 32, 48, 9, 0.4, 1, 64, 0.1, 0.1, 2, True]	1.6404306	1.6404306	1.6380248	0.45114088	0.049168784	1.6404306	-3.8826022	0.468531	0.049168784	0.097653136	0.38534266	0.3917205	0.469949	1.6380248	0.406181	5.223477	0.45114088	1.3135823	-1.178641	0.390837	0.040533267	0.078845546	0.22779383	0.3086227	0.382255	1.2908158	0.361267	3.488648	0.60309243	51
81	[2, 0.0008, 12, 16, 32, 32, 15, 0.6, 1, 64, 0.2, 0.1, 3, True]	1.593662	1.593662	1.5997602	0.45627958	0.047568116	1.593662	-3.0394738	0.428548	0.047568116	0.08808095	0.34945473	0.35534906	0.428129	1.5997602	0.373988	4.974295	0.45627958	1.3601853	-1.2734827	0.410069	0.04212515	0.08199253	0.25673354	0.32817286	0.408872	1.3209288	0.378461	3.703629	0.6104838	64
82	[2, 0.0008, 12, 16, 32, 32, 15, 0.6, 1, 64, 0.2, 0.1, 3, True]	1.6505443	1.6505443	1.649324	0.42307892	0.048428405	1.6505443	-2.8520765	0.429535	0.048428405	0.089160174	0.34981978	0.35788003	0.431740	1.649324	0.374858	4.976893	0.42307892	1.3324974	-1.0736068	0.407895	0.042289887	0.0801221	0.26278004	0.32110566	0.398135	1.2975216	0.376439	3.746988	0.5751663	50
83	[2, 0.0008, 12, 16, 32, 32, 15, 0.6, 1, 64, 0.2, 0.1, 3, True]	1.6327311	1.6327311	1.6323487	0.48402116	0.047818735	1.6327311	-2.9749255	0.443978	0.047818735	0.09206173	0.32794076	0.36270058	0.434149	1.6323487	0.384323	4.818743	0.48402116	1.3104159	-1.3202595	0.379943	0.039485037	0.07591627	0.2426416	0.31069168	0.384429	1.2889987	0.352092	3.600549	0.6045122	49
84	[2, 0.0008, 12, 16, 32, 32, 15, 0.6, 1, 64, 0.2, 0.1, 3, True]	1.6141876	1.6141876	1.6227309	0.45405006	0.04963753	1.6141876	-2.8625162	0.464191	0.04963753	0.09404444	0.35589972	0.37839696	0.451530	1.6227309	0.398022	5.019956	0.45405006	1.4158443	-1.3905717	0.433129	0.043996293	0.08330251	0.26907066	0.33859846	0.423941	1.3722141	0.395986	3.791572	0.6062735	101
85	[2, 0.0008, 12, 16, 32, 32, 5, 0.6, 1, 20, 0.2, 0.1, 3, True]	1.6982867	1.6982867	1.6868044	0.44574028	0.048857264	1.6982867	-3.1361916	0.467540	0.048857264	0.09481787	0.42894176	0.39989227	0.482409	1.6868044	0.400645	5.511062	0.44574028	1.3560392	-1.1467153	0.431879	0.043703813	0.08258616	0.31667718	0.34832364	0.434057	1.3101776	0.396530	4.113339	0.5782352	62
86	[1, 0.0008, 12, 16, 32, 32, 9, 0.4, 1, 64, 0.2, 0.1, 3, True]	1.8001074	1.8001074	1.7825342	0.45070976	0.051372174	1.8001074	-4.2001457	0.462452	0.051372174	0.09710269	0.39120847	0.39130178	0.474688	1.7825342	0.403362	5.263083	0.45070976	1.2666645	-0.8516814	0.398087	0.041692488	0.079412796	0.2739561	0.31855953	0.392602	1.2308953	0.366082	3.825838	0.6090774	35
87	[2, 0.0008, 8, 16, 16, 32, 20, 0.6, 1, 10, 0.1, 0.1, 3, True]	1.7962987	1.7962987	1.7622546	0.45864967	0.050561227	1.7962987	-4.4704843	0.479990	0.050561227	0.0990325	0.38974443	0.38759768	0.466767	1.7622546	0.412647	5.253226	0.45864967	1.1831197	-0.6407193	0.383800	0.039964907	0.076855026	0.23225538	0.29401615	0.366422	1.1495068	0.356010	3.522646	0.594015	45
88	[1, 0.0008, 12, 12, 32, 64, 5, 0.6, 1, 64, 0.1, 1, 2, True]	1.6728461	1.6728461	1.6297956	0.4416801	0.049420066	1.6728461	-3.151622	0.465505	0.049420066	0.094413675	0.37805927	0.38052434	0.461865	1.6297956	0.404435	5.173876	0.4416801	1.2931383	-0.9531769	0.422555	0.0430776	0.08216172	0.28994146	0.3275127	0.408009	1.2502587	0.387847	3.935875	0.57091427	45
89	[2, 0.0003, 12, 16, 32, 32, 15, 0.4, 1, 20, 0.2, 0.1, 3, True]	1.9082837	1.9082837	1.8795793	0.4667144	0.053496227	1.9082837	-4.1827707	0.479450	0.053496227	0.10111845	0.3390028	0.3775645	0.461520	1.8795793	0.418378	4.899342	0.4667144	1.3466684	-1.1626031	0.426540	0.044212405	0.08405737	0.2945137	0.33222026	0.411985	1.3025696	0.390313	3.966787	0.57551044	32
90	[1, 0.0008, 8, 16, 32, 48, 9, 0.6, 1, 64, 0.05, 3, 2, True]	1.7540094	1.7540094	1.7237659	0.4628644	0.05018099	1.7540094	-3.1227157	0.466280	0.05018099	0.09532894	0.36293927	0.3821496	0.461791	1.7237659	0.403649	5.069359	0.4628644	1.3528622	-1.5924295	0.400126	0.040582445	0.07848338	0.23543437	0.3138382	0.389750	1.3256174	0.368253	3.546672	0.58889985	42
91	[2, 0.0008, 12, 16, 32, 32, 15, 0.6, 1, 64, 0.2, 0.1, 3, True]	1.6570085	1.6570085	1.6549866	0.45220158	0.049730156	1.6570085	-3.3435595	0.452213	0.049730156	0.092706814	0.3612605	0.37681785	0.458730	1.6549866	0.397364	5.057622	0.45220158	1.3188998	-1.1680893	0.403600	0.041742664	0.079836465	0.24358214	0.3195377	0.394231	1.3001294	0.372160	3.607521	0.602566	54
92	[2, 0.0008, 12, 16, 32, 32, 15, 0.6, 1, 64, 0.2, 0.1, 3, True]	1.6591574	1.6591574	1.6668012	0.43675315	0.049364593	1.6591574	-2.8274448	0.460144	0.049364593	0.09429338	0.37781528	0.38005012	0.459250	1.6668012	0.402241	5.172207	0.43675315	1.2883072	-1.0374902	0.381435	0.039588954	0.07592135	0.23564331	0.3062935	0.383983	1.2376744	0.356202	3.548246	0.5986075	59
93	[2, 0.0008, 12, 16, 32, 32, 15, 0.6, 1, 64, 0.2, 0.1, 3, True]	1.7116545	1.7116545	1.7040023	0.42458054	0.050503433	1.7116545	-3.712935	0.479154	0.050503433	0.09835778	0.39416027	0.3966877	0.480352	1.7040023	0.416941	5.282902	0.42458054	1.2841694	-0.9258785	0.412181	0.042281337	0.0805305	0.24786802	0.31643167	0.393542	1.2423177	0.378105	3.639120	0.5722159	63
94	[2, 0.0008, 12, 16, 32, 32, 15, 0.6, 1, 64, 0.2, 0.1, 3, True]	1.6285498	1.6285498	1.5999588	0.41799757	0.049215928	1.6285498	-3.6664455	0.453218	0.049215928	0.096251	0.40589035	0.38430893	0.468167	1.5999588	0.402829	5.360934	0.41799757	1.5407045	-2.5275457	0.423246	0.04421215	0.08659112	0.28810093	0.34380224	0.431702	1.4783884	0.395536	3.923363	0.59699416	59
95	[2, 0.0008, 12, 16, 32, 32, 5, 0.6, 1, 64, 0.2, 0.1, 3, True]	1.5813075	1.5813075	1.5835024	0.46244526	0.04880049	1.5813075	-2.6108773	0.440575	0.04880049	0.08941202	0.36436635	0.36785766	0.441941	1.5835024	0.381516	5.079316	0.46244526	1.3117319	-1.7082275	0.372549	0.038925886	0.0742426	0.24258997	0.30171233	0.375374	1.2768229	0.345346	3.600166	0.61867934	61
96	[2, 0.0008, 12, 8, 24, 32, 5, 0.4, 1, 20, 0.1, 0.1, 3, True]	1.6356004	1.6356004	1.6284966	0.40002152	0.047159433	1.6356004	-3.1206832	0.446068	0.047159433	0.09080816	0.35493878	0.37444833	0.454573	1.6284966	0.389152	5.013175	0.40002152	1.3635616	-1.771346	0.412604	0.041981265	0.08109676	0.26005036	0.32360062	0.401709	1.3376594	0.376534	3.727476	0.5933622	83
97	[1, 0.0008, 12, 16, 32, 32, 5, 0.5, 1, 64, 0.1, 0.1, 2, True]	1.6415821	1.6415821	1.6486099	0.45236883	0.04924198	1.6415821	-2.654146	0.438782	0.04924198	0.08966761	0.3569337	0.3699923	0.449487	1.6486099	0.381600	5.027243	0.45236883	1.3872979	-1.4955907	0.413935	0.04259703	0.0812952	0.25706443	0.328003	0.408784	1.3376956	0.381423	3.706015	0.5624279	61
98	[2, 0.0008, 8, 16, 16, 32, 5, 0.6, 1, 40, 0.05, 1, 2, True]	1.8093774	1.8093774	1.7948806	0.4726683	0.05234467	1.8093774	-3.3425853	0.468579	0.05234467	0.097647086	0.32361507	0.36830667	0.447965	1.7948806	0.406634	4.786857	0.4726683	1.3090632	-1.0687861	0.416825	0.04316717	0.0818354	0.2784558	0.32257935	0.398833	1.2655826	0.380774	3.857130	0.6017205	17
99	[2, 0.0008, 12, 16, 24, 32, 5, 0.6, 1, 64, 0.1, 0.1, 3, True]	1.7380568	1.7380568	1.7184614	0.4264006	0.050589107	1.7380568	-3.0534353	0.463387	0.050589107	0.09482356	0.38936272	0.38999626	0.473555	1.7184614	0.403401	5.250653	0.4264006	1.2822007	-0.9466784	0.413768	0.042351604	0.08137023	0.25221342	0.31710145	0.395980	1.2447593	0.380551	3.670880	0.62218535	50
100	[1, 0.0005, 12, 16, 24, 48, 5, 0.6, 1, 30, 0.2, 0.1, 2, True]	1.8651136	1.8651136	1.8506715	0.48543698	0.05303349	1.8651136	-3.899882	0.480249	0.05303349	0.10021731	0.34172425	0.3801984	0.463208	1.8506715	0.416531	4.918968	0.48543698	1.3150147	-1.1007704	0.417464	0.04325356	0.082219094	0.2804932	0.32419428	0.399731	1.2856306	0.380189	3.871215	0.61008763	25
101	[2, 0.0008, 12, 16, 32, 32, 15, 0.6, 1, 64, 0.2, 0.1, 3, True]	1.6973313	1.6973313	1.7130665	0.47622836	0.049147334	1.6973313	-3.2099214	0.453234	0.049147334	0.09223716	0.35397395	0.37321818	0.446242	1.7130665	0.390275	5.006356	0.47622836	1.3388016	-1.4358815	0.406456	0.04167502	0.079472594	0.28072044	0.32715282	0.403172	1.3087125	0.372468	3.872783	0.6076464	54
102	[2, 0.0008, 12, 16, 32, 32, 5, 0.6, 1, 64, 0.2, 0.1, 3, True]	1.6650124	1.6650124	1.666875	0.44641992	0.0488408	1.6650124	-3.3837464	0.450408	0.0488408	0.09392882	0.3873633	0.38781345	0.464680	1.666875	0.392614	5.237154	0.44641992	1.2797943	-0.90029275	0.405305	0.041782223	0.08025883	0.26908165	0.32361022	0.399408	1.2525638	0.375638	3.791650	0.5893358	59
103	[2, 0.0008, 12, 16, 32, 32, 20, 0.6, 1, 64, 0.2, 0.1, 3, True]	1.682009	1.682009	1.660448	0.40301323	0.04882849	1.682009	-2.9129694	0.461981	0.04882849	0.094144806	0.36081326	0.38267565	0.461365	1.660448	0.402116	5.054490	0.40301323	1.2795686	-0.99956626	0.396381	0.040627114	0.07754496	0.25465313	0.31533554	0.390743	1.2461395	0.366418	3.688592	0.6233497	60
104	[2, 0.0008, 12, 16, 32, 32, 9, 0.6, 1, 64, 0.2, 0.1, 3, True]	1.8663784	1.8663784	1.8690197	0.45651546	0.05372329	1.8663784	-4.261373	0.480811	0.05372329	0.10100278	0.34511986	0.38283655	0.466677	1.8690197	0.417676	4.943347	0.45651546	1.3535709	-1.1164494	0.433777	0.044896256	0.0844257	0.30720103	0.33659714	0.419014	1.3163079	0.399759	4.051328	0.5447474	8
105	[2, 0.0003, 12, 16, 32, 32, 5, 0.6, 1, 40, 0.2, 0.1, 3, True]	1.8252988	1.8252988	1.804288	0.47547606	0.051800154	1.8252988	-3.4802737	0.472734	0.051800154	0.09864174	0.33345315	0.37393373	0.455175	1.804288	0.410582	4.859074	0.47547606	1.26358	-0.9801925	0.401233	0.041631784	0.079534315	0.2690075	0.3129699	0.385512	1.233639	0.366749	3.791127	0.63518775	59
106	[2, 0.0008, 12, 12, 24, 32, 5, 0.4, 1, 10, 0.1, 1, 3, True]	1.8402823	1.8402823	1.8411117	0.5007506	0.05270321	1.8402823	-4.3553205	0.474256	0.05270321	0.09861672	0.34906897	0.3794374	0.461950	1.8411117	0.410334	4.971549	0.5007506	1.321215	-1.1332668	0.418041	0.04337294	0.082426235	0.2784732	0.3255029	0.400162	1.2895757	0.379932	3.857250	0.6189435	13
107	[2, 0.0005, 8, 16, 32, 64, 9, 0.6, 1, 40, 0.1, 0.1, 2, True]	1.7926373	1.7926373	1.7917169	0.43332112	0.053639334	1.7926373	-3.1704128	0.484228	0.053639334	0.09917138	0.39243343	0.39632007	0.474296	1.7917169	0.415579	5.271316	0.43332112	1.2667714	-0.89571327	0.416279	0.04259533	0.081142426	0.25389323	0.31385642	0.391138	1.2274638	0.381399	3.683084	0.59972507	68
108	[1, 0.0008, 12, 16, 24, 32, 5, 0.6, 1, 64, 0.05, 0.1, 2, True]	1.5771743	1.5771743	1.5795499	0.49644312	0.048114136	1.5771743	-2.498496	0.468401	0.048114136	0.09566294	0.38765982	0.38224834	0.458736	1.5795499	0.404178	5.239158	0.49644312	1.2627742	-0.9161783	0.394221	0.040039156	0.07745586	0.25953263	0.3154346	0.390204	1.2333033	0.361629	3.723764	0.6374639	62
109	[1, 0.0005, 12, 16, 24, 32, 5, 0.4, 1, 20, 0.05, 1, 2, True]	1.8202344	1.8202344	1.817955	0.46315926	0.05279296	1.8202344	-3.9319127	0.477282	0.05279296	0.10084603	0.33364812	0.378081	0.458108	1.817955	0.413403	4.860494	0.46315926	1.3187602	-1.079296	0.416841	0.04332472	0.08211625	0.28207085	0.3245827	0.401719	1.2833159	0.382346	3.882087	0.5855156	24
110	[1, 0.0008, 12, 16, 24, 32, 5, 0.6, 1, 40, 0.05, 0.1, 2, True]	1.7397616	1.7397616	1.7307467	0.4694704	0.04790777	1.7397616	-3.5736334	0.431880	0.04790777	0.08947052	0.35063878	0.36358842	0.440112	1.7307467	0.377170	4.982715	0.4694704	1.3866471	-1.5725682	0.423111	0.042630136	0.08133783	0.27905813	0.3364375	0.416046	1.35985	0.389271	3.861299	0.58493257	69
111	[1, 0.0008, 12, 16, 24, 32, 5, 0.6, 1, 64, 0.05, 0.1, 2, True]	1.9030849	1.9030849	1.8831068	0.4709083	0.053715512	1.9030849	-4.616342	0.470728	0.053715512	0.09855346	0.3319441	0.37764165	0.459237	1.8831068	0.408026	4.848067	0.4709083	1.3164023	-1.0592312	0.424815	0.044153977	0.08369275	0.289015	0.32902402	0.406420	1.2818097	0.388699	3.929582	0.583685	15
112	[1, 0.0008, 12, 16, 24, 32, 5, 0.6, 1, 64, 0.05, 0.1, 2, True]	1.7911967	1.7911967	1.748619	0.46035868	0.05010872	1.7911967	-3.733158	0.475506	0.05010872	0.098603986	0.3857914	0.39599714	0.479297	1.748619	0.410021	5.226518	0.46035868	1.2618423	-0.87220126	0.379510	0.03923439	0.07540909	0.23172817	0.30787736	0.382077	1.224716	0.348597	3.518646	0.6015337	50
113	[1, 0.0008, 12, 16, 24, 32, 20, 0.6, 1, 64, 0.05, 0.1, 2, True]	1.5858047	1.5858047	1.5813001	0.45291507	0.04676405	1.5858047	-2.5249262	0.433355	0.04676405	0.08801414	0.3309592	0.3532092	0.426409	1.5813001	0.374587	4.840869	0.45291507	1.2773554	-1.040511	0.387958	0.03973101	0.076257534	0.22662848	0.30357373	0.379812	1.2548835	0.359946	3.479713	0.5794022	110
114	[1, 0.0008, 12, 16, 24, 32, 20, 0.6, 1, 64, 0.05, 0.1, 2, True]	1.6122756	1.6122756	1.6106964	0.4627725	0.046469424	1.6122756	-3.0349512	0.416439	0.046469424	0.08770608	0.29076794	0.34118158	0.409588	1.6106964	0.361448	4.537424	0.4627725	1.2804067	-1.022168	0.406515	0.041430213	0.078859024	0.27133372	0.31837347	0.398975	1.2284019	0.374314	3.807483	0.58331776	58
115	[1, 0.0005, 12, 16, 24, 32, 20, 0.6, 1, 64, 0.05, 0.1, 2, True]	1.9001776	1.9001776	1.87942	0.48171088	0.052885093	1.9001776	-4.792765	0.483475	0.052885093	0.102424115	0.3396512	0.38239947	0.467443	1.87942	0.421276	4.904025	0.48171088	1.3418051	-1.1922523	0.425366	0.044037327	0.083938	0.29457232	0.33049908	0.409684	1.3037477	0.389970	3.967182	0.59574014	13
116	[1, 0.0008, 8, 8, 24, 48, 20, 0.6, 1, 64, 0.05, 3, 2, True]	1.8738523	1.8738523	1.8554916	0.493195	0.052644514	1.8738523	-4.081233	0.478976	0.052644514	0.10085666	0.34564152	0.3809845	0.463026	1.8554916	0.415699	4.947081	0.493195	1.3125417	-1.0953548	0.414714	0.04297363	0.08182826	0.27781013	0.32290486	0.398543	1.2789505	0.379526	3.852655	0.60542566	16
117	[1, 0.0008, 12, 16, 24, 32, 20, 0.5, 1, 40, 0.05, 0.1, 2, True]	1.6172409	1.6172409	1.6088684	0.4533704	0.048740275	1.6172409	-3.3410425	0.456188	0.048740275	0.09441557	0.34361047	0.37908033	0.455106	1.6088684	0.393420	4.932525	0.4533704	1.3000244	-1.135664	0.405670	0.041773457	0.07946515	0.25539628	0.3149858	0.394583	1.2469313	0.373106	3.693971	0.61745274	53
118	[1, 0.0005, 12, 16, 24, 32, 5, 0.6, 1, 64, 0.1, 0.1, 2, True]	1.6808772	1.6808772	1.675137	0.48576912	0.04776619	1.6808772	-3.7220328	0.430135	0.04776619	0.08838495	0.33721104	0.35860017	0.431964	1.675137	0.372088	4.886377	0.48576912	1.4317254	-1.89741	0.419535	0.042802762	0.08383003	0.2779952	0.33730972	0.413610	1.4302907	0.385613	3.853939	0.597206	83
119	[1, 0.0008, 12, 16, 24, 32, 20, 0.4, 2, 40, 0.05, 1, 2, True]	1.8771967	1.8771967	1.8728265	0.494717	0.05307466	1.8771967	-4.829984	0.483761	0.05307466	0.102385566	0.34454265	0.38515204	0.469085	1.8728265	0.419763	4.939211	0.494717	1.3137374	-1.1061237	0.417836	0.043054756	0.082012005	0.2834487	0.3245896	0.401084	1.2816315	0.381969	3.891556	0.61335236	17
120	[1, 0.0005, 8, 16, 24, 32, 5, 0.6, 2, 64, 0.1, 0.1, 2, True]	1.8373421	1.8373421	1.8284544	0.4804946	0.05277599	1.8373421	-4.2472763	0.484458	0.05277599	0.101514705	0.34354022	0.38247934	0.463330	1.8284544	0.418153	4.932021	0.4804946	1.3137859	-1.0351177	0.422702	0.04375748	0.082772054	0.28891551	0.32770047	0.404718	1.2796729	0.385133	3.928905	0.6025697	17
121	[1, 0.0008, 12, 16, 24, 32, 20, 0.6, 1, 64, 0.05, 0.1, 2, True]	1.6562735	1.6562735	1.6534501	0.47540674	0.049635597	1.6562735	-4.1659656	0.472003	0.049635597	0.09897757	0.39755237	0.39981073	0.479161	1.6534501	0.410317	5.305585	0.47540674	1.3365772	-1.4415345	0.412994	0.042111058	0.081452206	0.27117863	0.32337183	0.397783	1.3219737	0.378963	3.806395	0.5859693	55
122	[1, 0.0008, 12, 16, 24, 32, 20, 0.6, 1, 64, 0.05, 0.1, 2, True]	1.6080106	1.6080106	1.6214372	0.47184816	0.046993274	1.6080106	-3.0378165	0.412147	0.046993274	0.083931394	0.33145982	0.34305087	0.413178	1.6214372	0.358953	4.844529	0.47184816	1.3263844	-1.0721685	0.422562	0.042161327	0.08066941	0.27034253	0.33173373	0.410316	1.3157153	0.387155	3.800523	0.61911947	68
123	[1, 0.0008, 12, 16, 24, 32, 20, 0.6, 1, 64, 0.05, 0.1, 2, True]	1.6069297	1.6069297	1.6174877	0.48478854	0.04781838	1.6069297	-2.8173966	0.460601	0.04781838	0.09322953	0.38533926	0.38324073	0.460685	1.6174877	0.395555	5.223453	0.48478854	1.3272042	-1.2790307	0.397549	0.04050413	0.07810016	0.25717944	0.31971124	0.397175	1.3036805	0.368015	3.706844	0.5978839	62
124	[1, 0.0008, 12, 16, 24, 32, 20, 0.6, 1, 64, 0.05, 0.1, 2, True]	1.8375653	1.8375653	1.8338729	0.49004576	0.05288635	1.8375653	-3.6152217	0.476260	0.05288635	0.10014833	0.32926238	0.37525022	0.455663	1.8338729	0.413260	4.828443	0.49004576	1.310204	-1.0258247	0.429553	0.04440774	0.08406004	0.2958563	0.33050546	0.407113	1.2785631	0.390850	3.975818	0.5948055	9
125	[1, 0.0008, 12, 16, 24, 32, 20, 0.6, 1, 64, 0.05, 0.1, 2, True]	1.6080003	1.6080003	1.6105217	0.46466005	0.048617724	1.6080003	-3.1843417	0.453199	0.048617724	0.093494266	0.38244018	0.380004	0.457711	1.6105217	0.394610	5.203767	0.46466005	1.3012578	-1.0853441	0.400235	0.041417107	0.078200914	0.24562931	0.31378	0.389418	1.2686635	0.368930	3.622649	0.58872986	51
126	[1, 0.0008, 12, 16, 24, 32, 20, 0.6, 1, 64, 0.05, 0.1, 2, True]	1.6309931	1.6309931	1.6170372	0.48587692	0.046992578	1.6309931	-2.8640838	0.430985	0.046992578	0.08881243	0.333376	0.3577686	0.433492	1.6170372	0.373606	4.858512	0.48587692	1.2693056	-1.1022594	0.394549	0.040915746	0.07823915	0.25002173	0.30793387	0.380515	1.2482681	0.363605	3.654896	0.60520613	49
127	[1, 0.0008, 12, 16, 24, 32, 20, 0.6, 1, 64, 0.05, 0.1, 2, True]	1.8177136	1.8177136	1.8283885	0.2633952	0.05852859	1.8177136	-4.1073313	0.478488	0.05852859	0.09997753	0.3459176	0.37885854	0.460803	1.8283885	0.414353	4.949057	0.2633952	1.4947029	-1.3036599	0.536027	0.055020537	0.099613346	0.44578287	0.41147578	0.505488	1.4545379	0.480082	4.880315	0.31469935	2
128	[1, 0.0008, 12, 16, 16, 48, 20, 0.6, 2, 64, 0.05, 0.1, 2, True]	1.8636391	1.8636391	1.8702304	0.23827821	0.05987699	1.8636391	-3.9781077	0.484379	0.05987699	0.101124056	0.3468043	0.38051045	0.461803	1.8702304	0.418909	4.955396	0.23827821	1.5532842	-1.490116	0.556383	0.05698744	0.10342553	0.4641932	0.42673057	0.520537	1.5151048	0.493278	4.980071	0.28469995	2
129	[1, 0.0008, 8, 12, 24, 64, 9, 0.4, 1, 20, 0.05, 0.1, 2, True]	1.8508714	1.8508714	1.8426013	0.47925746	0.05301953	1.8508714	-3.9150455	0.473119	0.05301953	0.098941095	0.32401466	0.37472084	0.456059	1.8426013	0.410491	4.789812	0.47925746	1.3206191	-1.1139892	0.418434	0.043345787	0.082249045	0.28228664	0.32467353	0.401428	1.2811875	0.382179	3.883572	0.61172074	13
130	[1, 0.0008, 12, 16, 24, 32, 20, 0.6, 1, 64, 0.05, 0.1, 2, True]	1.5940874	1.5940874	1.6159161	0.42786008	0.04864589	1.5940874	-2.398832	0.449942	0.04864589	0.09029636	0.3414812	0.36332712	0.437248	1.6159161	0.388246	4.917218	0.42786008	1.3044798	-1.1175694	0.426118	0.043615114	0.08264909	0.29823473	0.33188006	0.411991	1.2607931	0.390759	3.991767	0.60648865	111
131	[1, 0.0008, 12, 16, 24, 32, 20, 0.6, 1, 64, 0.05, 0.1, 2, True]	1.6925788	1.6925788	1.6737019	0.44449043	0.050823156	1.6925788	-3.4015832	0.493601	0.050823156	0.10041409	0.40641588	0.4063979	0.486850	1.6737019	0.422847	5.364403	0.44449043	1.2730486	-0.8735988	0.420778	0.04315237	0.08200536	0.28925008	0.32874003	0.405506	1.2389251	0.383299	3.931179	0.5846387	52
132	[1, 0.0008, 12, 16, 24, 32, 20, 0.6, 1, 64, 0.05, 0.1, 2, True]	1.8417306	1.8417306	1.8332883	0.24515687	0.05788571	1.8417306	-4.126791	0.483169	0.05788571	0.101325154	0.3443398	0.38051414	0.463744	1.8332883	0.419677	4.937757	0.24515687	1.5115342	-1.3547052	0.524492	0.053959515	0.098165065	0.4363325	0.40322968	0.505408	1.446613	0.479949	4.828307	0.2794047	3
133	[1, 0.0008, 12, 16, 24, 32, 20, 0.6, 1, 64, 0.05, 0.1, 2, True]	1.6696126	1.6696126	1.6627686	0.46902353	0.049149122	1.6696126	-2.777038	0.464816	0.049149122	0.095730215	0.3758461	0.38821405	0.466008	1.6627686	0.402510	5.158710	0.46902353	1.4091283	-1.9804255	0.412328	0.041632302	0.07985206	0.26668254	0.32609245	0.405314	1.3830962	0.381386	3.774708	0.5725461	63
134	[1, 0.0008, 12, 16, 24, 32, 20, 0.6, 1, 64, 0.05, 0.1, 2, True]	1.6881739	1.6881739	1.6824414	0.45908937	0.0495208	1.6881739	-3.7726285	0.465437	0.0495208	0.094925515	0.3673352	0.3808562	0.456006	1.6824414	0.401572	5.099967	0.45908937	1.3926816	-1.7968485	0.406192	0.04171491	0.08089999	0.24806911	0.32131562	0.397723	1.3692329	0.373389	3.640596	0.61300397	55
135	[1, 0.0008, 12, 16, 24, 32, 20, 0.6, 1, 30, 0.05, 0.1, 2, True]	1.7425362	1.7425362	1.7342578	0.46329647	0.04995519	1.7425362	-3.186773	0.447152	0.04995519	0.09264684	0.3485393	0.36824077	0.443526	1.7342578	0.388561	4.967776	0.46329647	1.2781448	-1.0666957	0.384281	0.03978218	0.076552704	0.22659823	0.30141607	0.374469	1.2417144	0.356385	3.479480	0.58648145	76
136	[1, 0.0008, 12, 16, 24, 32, 9, 0.6, 1, 64, 0.05, 0.1, 2, True]	1.5558861	1.5558861	1.5521177	0.46961173	0.048191402	1.5558861	-2.236786	0.459940	0.048191402	0.093126945	0.37902418	0.37889367	0.453267	1.5521177	0.394771	5.180475	0.46961173	1.3321468	-1.2731073	0.408824	0.041991938	0.08011884	0.2827184	0.3347856	0.411854	1.3018153	0.371647	3.886540	0.6216927	58
137	[1, 0.0003, 12, 16, 32, 32, 9, 0.6, 1, 64, 0.05, 0.1, 2, True]	1.6717355	1.6717355	1.6687404	0.4472871	0.048820816	1.6717355	-2.723702	0.453242	0.048820816	0.09139123	0.34203526	0.36467516	0.437657	1.6687404	0.388095	4.921206	0.4472871	1.2200379	-0.6533354	0.407293	0.041447394	0.078394055	0.24277964	0.30979264	0.385312	1.1850511	0.372914	3.601573	0.5915973	107
138	[1, 0.0008, 12, 16, 24, 32, 9, 0.4, 1, 10, 0.05, 0.1, 2, True]	1.8932476	1.8932476	1.8873184	0.4447599	0.053869843	1.8932476	-4.7490416	0.490318	0.053869843	0.10337833	0.35945356	0.38836953	0.472063	1.8873184	0.424348	5.044957	0.4447599	1.3720188	-1.1785315	0.442489	0.045563422	0.085942164	0.31727266	0.3429738	0.427450	1.3293566	0.407035	4.117205	0.524528	9
139	[1, 0.0008, 8, 8, 32, 32, 9, 0.6, 1, 64, 0.1, 0.1, 2, True]	1.9209546	1.9209546	1.875611	0.4734603	0.053659398	1.9209546	-4.536308	0.480235	0.053659398	0.10180199	0.34704813	0.38412428	0.468525	1.875611	0.417414	4.957138	0.4734603	1.327846	-1.0993431	0.424703	0.043920767	0.08340614	0.2946792	0.32986706	0.410198	1.2790105	0.390832	3.967901	0.5798103	24
140	[1, 0.0008, 12, 16, 24, 48, 9, 0.5, 1, 64, 0.05, 0.1, 3, True]	1.8752867	1.8752867	1.8675021	0.21853386	0.059954878	1.8752867	-3.7355812	0.481741	0.059954878	0.10059486	0.34431034	0.3793025	0.459794	1.8675021	0.416215	4.937546	0.21853386	1.5677997	-1.5221639	0.556265	0.057052974	0.1031384	0.462527	0.42788982	0.522241	1.537284	0.493427	4.971125	0.2721756	2
141	[1, 0.0008, 12, 16, 24, 32, 7, 0.6, 1, 64, 0.05, 0.1, 2, True]	1.7150282	1.7150282	1.6888176	0.45047477	0.048890244	1.7150282	-3.736591	0.462701	0.048890244	0.09511363	0.39117417	0.3892049	0.466512	1.6888176	0.399881	5.262852	0.45047477	1.2258766	-0.7710388	0.389666	0.04094067	0.07745545	0.25741166	0.30807236	0.380833	1.1866256	0.359491	3.708517	0.60958886	42
142	[1, 0.0008, 12, 16, 24, 32, 9, 0.6, 1, 64, 0.05, 0.1, 2, True]	1.6534991	1.6534991	1.6252782	0.41635922	0.049303852	1.6534991	-2.439734	0.450389	0.049303852	0.09267134	0.3864506	0.37947378	0.461570	1.6252782	0.395891	5.230981	0.41635922	1.5285448	-2.42788	0.426462	0.04305797	0.08381911	0.28140324	0.34516758	0.430300	1.5064546	0.393444	3.877490	0.6021637	121
143	[1, 0.0008, 12, 16, 24, 32, 20, 0.6, 1, 64, 0.05, 0.1, 2, True]	1.7169387	1.7169387	1.7303241	0.46211615	0.04971535	1.7169387	-2.9494185	0.440825	0.04971535	0.091325484	0.32213122	0.3623411	0.437107	1.7303241	0.381779	4.775870	0.46211615	1.4196832	-1.9226364	0.408154	0.041429892	0.081340745	0.24407442	0.32376853	0.398613	1.4140066	0.374299	3.611164	0.59092677	55
144	[1, 0.0008, 12, 16, 24, 32, 9, 0.6, 1, 64, 0.05, 0.1, 2, True]	1.7691417	1.7691417	1.7459755	0.4751847	0.050489936	1.7691417	-4.365401	0.482712	0.050489936	0.10024763	0.42253444	0.40243658	0.476285	1.7459755	0.408641	5.469746	0.4751847	1.2105428	-0.6332014	0.400705	0.041529614	0.0787481	0.27993295	0.31495374	0.391823	1.1658988	0.369935	3.867347	0.6026639	40
145	[1, 0.0008, 12, 16, 24, 32, 5, 0.6, 1, 20, 0.05, 0.1, 2, True]	1.626711	1.626711	1.6086364	0.44075236	0.048496425	1.626711	-3.0547533	0.438813	0.048496425	0.09057918	0.3735928	0.36857212	0.445208	1.6086364	0.382712	5.143223	0.44075236	1.1544797	-0.51950306	0.390527	0.04053139	0.07650866	0.26653886	0.30427304	0.377563	1.118353	0.359858	3.773692	0.58480376	59
146	[1, 0.0008, 12, 16, 32, 32, 20, 0.6, 1, 64, 0.1, 3, 2, True]	1.8621572	1.8621572	1.8614515	0.45474222	0.05321463	1.8621572	-3.9021463	0.477627	0.05321463	0.10036766	0.33770615	0.3776778	0.458937	1.8614515	0.413690	4.889963	0.45474222	1.3331082	-1.1004592	0.427172	0.04426501	0.08392881	0.29524648	0.33206198	0.410543	1.3017018	0.390554	3.971719	0.5566844	12
147	[2, 0.0008, 12, 16, 24, 32, 5, 0.6, 2, 64, 0.2, 0.1, 3, True]	1.5603591	1.5603591	1.5463432	0.4576384	0.046254795	1.5603591	-2.8884656	0.441748	0.046254795	0.09033874	0.3046518	0.35837236	0.430570	1.5463432	0.380791	4.644490	0.4576384	1.3087696	-1.372321	0.379122	0.03950743	0.07539714	0.27213517	0.31544557	0.395075	1.2558368	0.355459	3.813102	0.61544794	71
148	[2, 0.0008, 12, 16, 16, 32, 5, 0.6, 2, 64, 0.2, 0.1, 3, True]	1.680598	1.680598	1.6471204	0.40222913	0.05023036	1.680598	-2.7430246	0.466031	0.05023036	0.09429096	0.37849197	0.38094452	0.461760	1.6471204	0.403228	5.176837	0.40222913	1.3102547	-0.9351681	0.435630	0.045856647	0.0852288	0.3160466	0.33953777	0.420523	1.2639359	0.398252	4.109242	0.5204677	81
149	[2, 0.0008, 8, 16, 32, 32, 5, 0.4, 1, 64, 0.2, 0.1, 3, True]	1.6541079	1.6541079	1.6628252	0.47105616	0.049687065	1.6541079	-2.8175664	0.449725	0.049687065	0.092300616	0.36011776	0.37234455	0.445486	1.6628252	0.386322	5.049616	0.47105616	1.2116016	-0.5965017	0.403273	0.04175526	0.078165054	0.26339105	0.31269917	0.389934	1.1609634	0.370527	3.751342	0.5780945	48
150	[2, 0.0008, 12, 16, 24, 32, 5, 0.6, 1, 64, 0.2, 0.1, 3, True]	1.6255428	1.6255428	1.6350466	0.44496366	0.049096387	1.6255428	-2.9806092	0.463031	0.049096387	0.094271615	0.411506	0.39011204	0.473053	1.6350466	0.404247	5.397892	0.44496366	1.4203048	-1.5224081	0.430076	0.0435868	0.083631024	0.2712162	0.3395223	0.420918	1.4001263	0.399608	3.806659	0.5340888	81
151	[2, 0.0008, 12, 16, 24, 32, 5, 0.6, 2, 64, 0.2, 0.1, 3, True]	1.8519223	1.8519223	1.8211884	0.4535915	0.051741257	1.8519223	-4.1128635	0.470860	0.051741257	0.09759737	0.37680548	0.38952458	0.472179	1.8211884	0.406917	5.165290	0.4535915	1.2691003	-0.8509509	0.407413	0.04248119	0.08086212	0.280232	0.3184267	0.396120	1.2261049	0.375729	3.869412	0.5879594	30
152	[2, 0.0008, 12, 16, 24, 32, 5, 0.6, 1, 64, 0.2, 0.1, 3, True]	1.5728294	1.5728294	1.5703276	0.4379592	0.04721174	1.5728294	-4.0622354	0.463124	0.04721174	0.09652598	0.37258953	0.38710615	0.463932	1.5703276	0.402379	5.136312	0.4379592	1.2748954	-0.9749015	0.396610	0.041055616	0.07850408	0.2573716	0.31011808	0.388616	1.2327614	0.370882	3.708228	0.57475334	58
153	[2, 0.0008, 12, 16, 24, 32, 5, 0.6, 1, 64, 0.2, 0.1, 3, True]	1.5981781	1.5981781	1.5799669	0.44157723	0.04901817	1.5981781	-2.9549189	0.454348	0.04901817	0.09481563	0.36694577	0.37349287	0.452016	1.5799669	0.398720	5.097263	0.44157723	1.3833972	-1.3960379	0.442981	0.04572757	0.08575968	0.31894472	0.3492243	0.431176	1.3510649	0.403196	4.128039	0.57803375	64
154	[2, 0.0008, 12, 16, 24, 32, 5, 0.6, 1, 64, 0.2, 0.1, 3, True]	1.5962555	1.5962555	1.5920087	0.47563514	0.046097018	1.5962555	-2.7089074	0.428594	0.046097018	0.08697346	0.31830448	0.36045048	0.439369	1.5920087	0.375708	4.747418	0.47563514	1.5123352	-2.885131	0.438467	0.04405235	0.0836616	0.32749897	0.35815048	0.446566	1.4745219	0.403607	4.183031	0.60132086	72
155	[2, 0.0008, 12, 16, 24, 32, 5, 0.6, 1, 64, 0.2, 0.1, 3, True]	1.6843122	1.6843122	1.6904876	0.4285175	0.051672343	1.6843122	-3.4510736	0.479537	0.051672343	0.09859481	0.41289663	0.3991925	0.479725	1.6904876	0.417561	5.407005	0.4285175	1.3070247	-0.9576679	0.423332	0.042806666	0.08113766	0.24182728	0.32097903	0.399403	1.268165	0.386406	3.594502	0.58877647	76
156	[2, 0.0008, 12, 16, 24, 32, 5, 0.6, 1, 64, 0.2, 0.1, 3, True]	1.5871197	1.5871197	1.5878357	0.48237264	0.04796407	1.5871197	-2.6698508	0.443659	0.04796407	0.09097313	0.33346072	0.3609707	0.432702	1.5878357	0.382546	4.859129	0.48237264	1.2555109	-0.8289206	0.404893	0.041962113	0.080426596	0.25048977	0.3152743	0.390493	1.2151469	0.372536	3.658315	0.58908135	82
157	[2, 0.0003, 12, 12, 24, 32, 5, 0.6, 2, 20, 0.2, 0.1, 3, True]	1.8495517	1.8495517	1.8462423	0.48219344	0.052416064	1.8495517	-4.3379345	0.486973	0.052416064	0.10039944	0.35573784	0.38187048	0.461310	1.8462423	0.417513	5.018815	0.48219344	1.3218762	-1.0904249	0.416934	0.043312244	0.08182504	0.2827047	0.32536295	0.401866	1.286129	0.381023	3.886446	0.59578365	73
158	[2, 0.0008, 12, 16, 24, 64, 5, 0.6, 1, 64, 0.2, 0.1, 3, True]	1.8050787	1.8050787	1.7642757	0.41914043	0.050659213	1.8050787	-4.2967052	0.471289	0.050659213	0.09750121	0.45546734	0.41406143	0.503170	1.7642757	0.409010	5.678906	0.41914043	1.3135905	-1.4775538	0.377401	0.039165623	0.07579971	0.23885424	0.3085801	0.383397	1.2888265	0.349291	3.572339	0.62825066	44
159	[2, 0.0008, 12, 16, 24, 48, 5, 0.6, 1, 40, 0.2, 0.1, 3, True]	1.7035278	1.7035278	1.6927478	0.45379022	0.04982547	1.7035278	-2.985537	0.460627	0.04982547	0.094358206	0.3421868	0.37517202	0.450561	1.6927478	0.395951	4.922296	0.45379022	1.2713991	-0.91217685	0.410888	0.04218489	0.080753915	0.24065757	0.31301278	0.388193	1.234671	0.375775	3.585798	0.5972574	43
160	[2, 0.0008, 8, 16, 24, 32, 5, 0.6, 2, 30, 0.2, 0.1, 3, True]	1.8550857	1.8550857	1.8443128	0.4854908	0.052820336	1.8550857	-4.0989947	0.478037	0.052820336	0.09942095	0.3508689	0.37956545	0.461723	1.8443128	0.413930	4.984351	0.4854908	1.3051378	-1.005772	0.419343	0.043535035	0.08226853	0.28387326	0.32545412	0.401294	1.2662886	0.381486	3.894470	0.6060877	20
161	[2, 0.0008, 12, 16, 24, 32, 5, 0.6, 1, 64, 0.2, 0.1, 3, True]	1.7095764	1.7095764	1.6952913	0.47355762	0.05094324	1.7095764	-4.040838	0.480732	0.05094324	0.10115873	0.4408841	0.4024511	0.482709	1.6952913	0.418615	5.587253	0.47355762	1.2590749	-0.85747415	0.399209	0.041431215	0.07895518	0.25473258	0.31131107	0.387791	1.2161063	0.370303	3.689168	0.6000834	54
162	[2, 0.0008, 12, 16, 32, 32, 5, 0.6, 1, 64, 0.2, 0.1, 3, True]	1.6782218	1.6782218	1.6769593	0.45327708	0.04917306	1.6782218	-3.5404239	0.444948	0.04917306	0.09367321	0.34665498	0.37400573	0.447839	1.6769593	0.386207	4.954329	0.45327708	1.2901026	-0.9048154	0.392270	0.040802646	0.078007706	0.24126673	0.31164494	0.389815	1.2347511	0.365689	3.590334	0.5746245	57
163	[2, 0.0008, 12, 16, 24, 32, 5, 0.6, 1, 64, 0.2, 0.1, 3, True]	1.5842494	1.5842494	1.5860522	0.44992068	0.048655633	1.5842494	-3.2270823	0.461623	0.048655633	0.0939764	0.36277765	0.38451144	0.465326	1.5860522	0.399471	5.068231	0.44992068	1.3855916	-1.5373178	0.413992	0.042438343	0.08128258	0.26023227	0.32975313	0.409790	1.364897	0.378372	3.728780	0.5950403	57
164	[2, 0.0008, 12, 16, 24, 32, 5, 0.6, 1, 64, 0.2, 0.1, 3, True]	1.662431	1.662431	1.6564451	0.45547268	0.049097043	1.662431	-2.881621	0.452091	0.049097043	0.09278984	0.36958858	0.37803322	0.454103	1.6564451	0.390697	5.115586	0.45547268	1.2238003	-0.77040607	0.385527	0.03951538	0.076132566	0.23134002	0.3007303	0.373428	1.1936996	0.355742	3.515697	0.61999184	48
165	[2, 0.0005, 12, 16, 24, 32, 5, 0.6, 2, 64, 0.2, 0.1, 3, True]	1.8468899	1.8468899	1.8354646	0.465826	0.05256033	1.8468899	-4.270519	0.480885	0.05256033	0.10063027	0.36062378	0.3800869	0.460094	1.8354646	0.415006	5.053163	0.465826	1.2956795	-0.96728665	0.412665	0.043073885	0.08151015	0.29424587	0.324616	0.402780	1.2518868	0.378354	3.964983	0.6023052	43
166	[2, 0.0008, 12, 16, 24, 32, 5, 0.6, 1, 64, 0.2, 0.1, 3, True]	1.5077274	1.5077274	1.5132598	0.47628388	0.045662925	1.5077274	-2.040081	0.420635	0.045662925	0.08713732	0.33954257	0.34954455	0.421908	1.5132598	0.365884	4.903241	0.47628388	1.3304579	-1.1851977	0.397599	0.041418415	0.07942774	0.276924	0.33230487	0.409481	1.291372	0.363649	3.846506	0.58804363	79
167	[2, 0.0008, 12, 16, 24, 32, 5, 0.6, 2, 10, 0.2, 0.1, 3, True]	1.7295549	1.7295549	1.7139871	0.4438869	0.051283915	1.7295549	-4.190569	0.465680	0.051283915	0.097330146	0.3754214	0.38112316	0.456963	1.7139871	0.399743	5.155795	0.4438869	1.2498467	-0.8556979	0.406195	0.042842768	0.08068927	0.27421108	0.31705675	0.391797	1.2191399	0.373031	3.827618	0.5676891	44
168	[2, 0.0008, 12, 16, 24, 32, 5, 0.6, 2, 64, 0.2, 0.1, 3, True]	1.7445197	1.7445197	1.7117236	0.45881134	0.050638057	1.7445197	-3.7028875	0.478754	0.050638057	0.0990736	0.3776507	0.3909319	0.469878	1.7117236	0.411677	5.171080	0.45881134	1.2446823	-0.81027704	0.396044	0.041743714	0.079767376	0.26458195	0.31237742	0.388138	1.1954013	0.367765	3.759813	0.58553123	48
169	[2, 0.0005, 12, 8, 24, 32, 5, 0.6, 1, 40, 0.2, 3, 3, True]	1.8610944	1.8610944	1.8551632	0.48885977	0.05264754	1.8610944	-4.2204432	0.480817	0.05264754	0.10117052	0.33870354	0.37849665	0.458737	1.8551632	0.415580	4.897179	0.48885977	1.3124518	-1.0962187	0.416178	0.04312006	0.08204527	0.27849692	0.32288885	0.397961	1.2804992	0.379335	3.857415	0.61409026	29
170	[2, 0.0008, 12, 16, 24, 32, 5, 0.6, 1, 64, 0.2, 0.1, 3, True]	1.6610807	1.6610807	1.6655004	0.4272125	0.049622778	1.6610807	-3.2499678	0.473065	0.049622778	0.09646342	0.39765054	0.3899421	0.475411	1.6655004	0.414406	5.306240	0.4272125	1.3384992	-1.148552	0.400157	0.041257426	0.07864437	0.25654975	0.32536256	0.405977	1.2994121	0.372062	3.702303	0.5652799	66
171	[2, 0.0008, 12, 16, 24, 32, 5, 0.6, 1, 64, 0.2, 0.1, 3, True]	1.7092079	1.7092079	1.7038609	0.48469508	0.047176506	1.7092079	-3.2179306	0.445196	0.047176506	0.09083973	0.33796376	0.37208715	0.447809	1.7038609	0.383360	4.891828	0.48469508	1.3136313	-1.1643701	0.385147	0.04009593	0.077453956	0.22977725	0.30930394	0.385745	1.2710705	0.353766	3.503803	0.60709226	57
172	[2, 0.0008, 12, 16, 24, 32, 5, 0.6, 1, 64, 0.2, 0.1, 3, True]	1.6163726	1.6163726	1.6071012	0.45093456	0.047836673	1.6163726	-2.6498034	0.439789	0.047836673	0.08900375	0.3453986	0.36228925	0.439267	1.6071012	0.381773	4.945343	0.45093456	1.3435643	-1.2380635	0.405146	0.04227539	0.08154991	0.25922734	0.3267418	0.400125	1.3237534	0.369802	3.721573	0.5661165	51
173	[2, 0.0008, 12, 16, 24, 32, 5, 0.6, 1, 64, 0.2, 0.1, 3, True]	1.6104524	1.6104524	1.6241117	0.4490096	0.047960926	1.6104524	-2.9830077	0.465808	0.047960926	0.09473777	0.35487032	0.38176268	0.460732	1.6241117	0.403231	5.012692	0.4490096	1.3162056	-1.260552	0.397584	0.040881343	0.079076365	0.23680691	0.3121988	0.384611	1.3019131	0.364647	3.556996	0.6135775	52
174	[2, 0.0008, 12, 16, 24, 32, 5, 0.6, 1, 64, 0.2, 0.1, 3, True]	1.6422448	1.6422448	1.6430168	0.46452248	0.048688784	1.6422448	-2.4264808	0.440994	0.048688784	0.090164706	0.33507058	0.3615211	0.436776	1.6430168	0.382176	4.870844	0.46452248	1.3703492	-1.4827036	0.405183	0.042211663	0.08070661	0.28553241	0.3241532	0.405467	1.3118969	0.379003	3.905834	0.57521343	76
175	[2, 0.0008, 12, 16, 24, 32, 5, 0.6, 1, 64, 0.2, 0.1, 3, True]	1.6790328	1.6790328	1.6686481	0.45013952	0.050453205	1.6790328	-2.9632938	0.482267	0.050453205	0.09906341	0.37622014	0.39302793	0.470051	1.6686481	0.413924	5.161277	0.45013952	1.4783565	-1.9416158	0.447114	0.045031365	0.086917475	0.29277757	0.34509695	0.433042	1.4248235	0.411760	3.955078	0.58009964	62
176	[2, 0.0008, 8, 16, 24, 32, 5, 0.6, 1, 64, 0.2, 0.1, 3, True]	1.6469109	1.6469109	1.6195351	0.45613527	0.048630886	1.6469109	-2.8377738	0.465313	0.048630886	0.09472928	0.3727527	0.37846965	0.458288	1.6195351	0.402350	5.137437	0.45613527	1.2277653	-0.7325432	0.402923	0.041580573	0.07882682	0.2407194	0.3057623	0.379209	1.1971034	0.369627	3.586259	0.5757383	52
177	[2, 0.0008, 12, 16, 24, 48, 9, 0.6, 1, 64, 0.2, 0.1, 3, True]	1.7024572	1.7024572	1.6970868	0.40836906	0.049756426	1.7024572	-3.546636	0.451335	0.049756426	0.09392229	0.38602227	0.38873574	0.468411	1.6970868	0.395462	5.228081	0.40836906	1.2940382	-1.1152412	0.381798	0.040384952	0.07689019	0.2587412	0.30823416	0.389287	1.2271818	0.359980	3.718081	0.5803196	58
178	[2, 0.0005, 12, 16, 24, 32, 7, 0.5, 1, 20, 0.2, 0.1, 3, True]	1.6103375	1.6103375	1.621893	0.49120864	0.04901432	1.6103375	-2.6258469	0.460074	0.04901432	0.0936399	0.36306295	0.37151977	0.445008	1.621893	0.393350	5.070223	0.49120864	1.2884237	-0.9821946	0.420523	0.04334232	0.08148313	0.28128135	0.329159	0.406750	1.25231	0.383853	3.876650	0.58282775	101
179	[2, 0.0008, 12, 16, 24, 32, 5, 0.6, 1, 40, 0.2, 0.1, 3, True]	1.6437728	1.6437728	1.6519712	0.4612079	0.04845327	1.6437728	-3.223842	0.453925	0.04845327	0.092459776	0.36348236	0.37313318	0.450093	1.6519712	0.395687	5.073151	0.4612079	1.27392	-1.0579011	0.394240	0.040924385	0.07920236	0.24737039	0.31167576	0.389753	1.2245648	0.366717	3.635465	0.6279361	81
180	[2, 0.0008, 12, 16, 24, 32, 5, 0.6, 1, 64, 0.2, 0.1, 3, True]	1.8379887	1.8379887	1.8312008	0.10897462	0.05998705	1.8379887	-3.6615515	0.482741	0.05998705	0.09985485	0.3485076	0.37922814	0.460750	1.8312008	0.417037	4.967550	0.10897462	1.603796	-1.6258177	0.570764	0.058157567	0.10461806	0.5017982	0.43740985	0.543158	1.5501488	0.514212	5.177865	0.1180184	1
181	[2, 0.0008, 12, 16, 32, 32, 5, 0.6, 1, 64, 0.1, 0.1, 3, True]	1.6352111	1.6352111	1.6174248	0.4358441	0.048959423	1.6352111	-2.6600182	0.450737	0.048959423	0.0920115	0.33747742	0.3653994	0.446610	1.6174248	0.394922	4.888307	0.4358441	1.3011235	-1.1572537	0.392249	0.039742462	0.07712281	0.23323117	0.3069246	0.384841	1.2617258	0.364791	3.530039	0.5886746	75
182	[2, 0.0008, 12, 16, 32, 32, 5, 0.6, 1, 64, 0.1, 0.1, 3, True]	1.7120293	1.7120293	1.7169533	0.43499124	0.05058797	1.7120293	-2.6488216	0.468035	0.05058797	0.09367432	0.3792523	0.38477772	0.463045	1.7169533	0.402383	5.182033	0.43499124	1.3024086	-0.9986661	0.405914	0.04196149	0.07945259	0.25656503	0.31487527	0.392038	1.2581269	0.375092	3.702413	0.561779	49
183	[2, 0.0008, 12, 16, 32, 32, 5, 0.6, 1, 64, 0.1, 0.1, 3, True]	1.6130464	1.6130464	1.6052712	0.46885806	0.04727063	1.6130464	-3.3171427	0.450290	0.04727063	0.0935659	0.37803832	0.3782486	0.456806	1.6052712	0.392643	5.173733	0.46885806	1.3249295	-1.196218	0.399462	0.0412099	0.07853973	0.26379886	0.31781402	0.394986	1.289818	0.370195	3.754245	0.59388894	44
184	[2, 0.0008, 12, 16, 16, 32, 5, 0.6, 1, 64, 0.1, 0.1, 3, True]	1.5503659	1.5503659	1.5590662	0.46697086	0.046945486	1.5503659	-2.7690048	0.455167	0.046945486	0.09210151	0.34727854	0.372992	0.447457	1.5590662	0.391955	4.958783	0.46697086	1.3232163	-1.1339782	0.419821	0.043096248	0.08222949	0.26557913	0.3262629	0.402827	1.3012657	0.386154	3.766891	0.5785006	53
185	[2, 0.0008, 12, 16, 16, 32, 5, 0.6, 1, 64, 0.1, 0.1, 3, True]	1.6917644	1.6917644	1.6808091	0.4528991	0.050307408	1.6917644	-2.8071585	0.470128	0.050307408	0.09620636	0.37096617	0.38440007	0.461722	1.6808091	0.406089	5.125111	0.4528991	1.2675102	-1.0678288	0.388251	0.039795283	0.076792866	0.23268154	0.30619872	0.378827	1.2461915	0.357479	3.525876	0.63208085	48
186	[2, 0.0008, 12, 16, 16, 32, 9, 0.6, 1, 64, 0.2, 0.1, 3, True]	1.5902274	1.5902274	1.5891464	0.48052084	0.04695738	1.5902274	-2.8215423	0.456176	0.04695738	0.09185774	0.3433839	0.372636	0.449270	1.5891464	0.394156	4.930899	0.48052084	1.3746611	-1.5121847	0.410651	0.04166781	0.08023784	0.25575104	0.3282676	0.404832	1.3646096	0.374631	3.696535	0.61105037	58
187	[2, 0.0008, 8, 16, 16, 32, 9, 0.6, 1, 64, 0.1, 0.1, 3, True]	1.8202033	1.8202033	1.8029733	0.46263614	0.052078478	1.8202033	-4.288576	0.477961	0.052078478	0.099569276	0.34440106	0.37825152	0.462569	1.8029733	0.415265	4.938196	0.46263614	1.3250076	-1.121195	0.415001	0.043024186	0.0814256	0.27927807	0.3224948	0.400907	1.2849636	0.381470	3.862821	0.57592547	21
188	[2, 0.0005, 12, 12, 16, 32, 9, 0.6, 1, 40, 0.2, 1, 3, True]	1.8398764	1.8398764	1.8245627	0.47546846	0.05290464	1.8398764	-3.8592763	0.479746	0.05290464	0.09948708	0.3516903	0.38036618	0.461444	1.8245627	0.413940	4.990181	0.47546846	1.3267611	-1.1041294	0.416431	0.04299677	0.08163844	0.28333852	0.3245274	0.404768	1.2798028	0.384527	3.890800	0.5894165	35
189	[2, 0.0003, 12, 16, 16, 32, 9, 0.6, 1, 64, 0.2, 0.1, 3, True]	1.8844749	1.8844749	1.8735992	0.21060634	0.05877358	1.8844749	-4.357368	0.493158	0.05877358	0.10140518	0.36319587	0.3858342	0.467294	1.8735992	0.424529	5.071151	0.21060634	1.5302441	-1.4136153	0.532577	0.054886255	0.0994515	0.4400236	0.40991896	0.508348	1.4697535	0.480749	4.848687	0.26001623	4
190	[2, 0.0008, 12, 16, 16, 32, 9, 0.6, 2, 64, 0.1, 0.1, 3, True]	1.6958749	1.6958749	1.7042345	0.43282622	0.048968118	1.6958749	-2.8165267	0.453285	0.048968118	0.092348814	0.36824936	0.3809158	0.451807	1.7042345	0.385615	5.106309	0.43282622	1.3329741	-1.0115012	0.421034	0.042332273	0.08053294	0.28776887	0.33543566	0.419170	1.289069	0.387910	3.921101	0.5843689	111
191	[2, 0.0008, 12, 16, 16, 32, 15, 0.6, 1, 64, 0.2, 0.1, 3, True]	1.6271863	1.6271863	1.6143857	0.46639135	0.049619872	1.6271863	-2.5748808	0.450835	0.049619872	0.09231924	0.34784082	0.3681608	0.447916	1.6143857	0.393381	4.962795	0.46639135	1.3735528	-1.6052328	0.409891	0.042608056	0.08199025	0.25837582	0.32449287	0.402336	1.3404083	0.378850	3.715455	0.5995049	64
192	[2, 0.0008, 12, 16, 16, 32, 5, 0.6, 1, 64, 0.2, 0.1, 3, True]	1.6339066	1.6339066	1.6447194	0.42594868	0.04910832	1.6339066	-3.245497	0.463036	0.04910832	0.09384237	0.35098436	0.37709692	0.449905	1.6447194	0.396806	4.985171	0.42594868	1.2100223	-0.6403616	0.407658	0.04191493	0.07919691	0.25209865	0.3123032	0.386415	1.1762875	0.374204	3.670045	0.5982988	50
193	[2, 0.0008, 12, 16, 16, 32, 9, 0.6, 1, 64, 0.2, 0.1, 3, True]	1.5505545	1.5505545	1.5438184	0.501553	0.04537532	1.5505545	-2.128981	0.422878	0.04537532	0.08483898	0.30817348	0.34934178	0.424345	1.5438184	0.365596	4.671257	0.501553	1.6543885	-2.8594813	0.511877	0.05036906	0.09356594	0.34103796	0.37972316	0.475930	1.6016002	0.461965	4.268620	0.45981798	119
194	[2, 0.0008, 12, 16, 16, 64, 9, 0.6, 1, 64, 0.2, 0.1, 3, True]	1.5537093	1.5537093	1.54236	0.42331246	0.04761856	1.5537093	-3.2537236	0.429649	0.04761856	0.090001635	0.33495507	0.35918623	0.430723	1.54236	0.374938	4.870005	0.42331246	1.3984795	-1.6246892	0.436937	0.044107046	0.086301856	0.28764847	0.34169137	0.422159	1.3849522	0.399333	3.920281	0.60275495	49
195	[2, 0.0008, 12, 16, 16, 64, 9, 0.6, 1, 64, 0.2, 0.1, 3, True]	1.7208133	1.7208133	1.7202317	0.4312956	0.049146537	1.7208133	-3.163822	0.470279	0.049146537	0.09560354	0.40082017	0.39891317	0.479725	1.7202317	0.407417	5.327346	0.4312956	1.3010643	-0.8669612	0.413212	0.042237476	0.08051858	0.26834926	0.32748923	0.409818	1.2589147	0.382995	3.786486	0.59120876	50
196	[2, 0.0008, 12, 16, 16, 64, 9, 0.6, 1, 64, 0.2, 0.1, 3, True]	1.6587538	1.6587538	1.6328561	0.39818174	0.04830807	1.6587538	-3.7664275	0.443157	0.04830807	0.093265966	0.37246683	0.37980986	0.457941	1.6328561	0.387838	5.135466	0.39818174	1.2734962	-1.1539749	0.381649	0.039079662	0.075506724	0.23818117	0.30212614	0.379245	1.2484993	0.356471	3.567302	0.61469007	46
197	[2, 0.0008, 12, 16, 16, 64, 9, 0.6, 1, 64, 0.2, 0.1, 3, True]	1.6947243	1.6947243	1.6654121	0.46941438	0.05077603	1.6947243	-3.9824007	0.482761	0.05077603	0.10126145	0.4012387	0.39614615	0.478353	1.6654121	0.422065	5.330127	0.46941438	1.2737582	-0.89255345	0.425128	0.04425352	0.083609454	0.2925165	0.32477283	0.408662	1.2117573	0.393169	3.953314	0.57818127	42
198	[2, 0.0008, 12, 16, 16, 64, 9, 0.6, 1, 64, 0.2, 0.1, 3, True]	1.6596884	1.6596884	1.6621679	0.4591799	0.049585335	1.6596884	-2.99849	0.454689	0.049585335	0.09300502	0.38963312	0.38210708	0.460773	1.6621679	0.397527	5.252476	0.4591799	1.4355615	-1.9247032	0.418534	0.042644642	0.08261188	0.25082472	0.32715994	0.409896	1.4028529	0.388158	3.660760	0.626394	62
199	[2, 0.0008, 8, 16, 16, 64, 9, 0.6, 1, 64, 0.2, 0.1, 3, True]	1.6588432	1.6588432	1.6756237	0.4535826	0.049400587	1.6588432	-2.700061	0.442022	0.049400587	0.09011958	0.3416243	0.36297095	0.432207	1.6756237	0.377818	4.918249	0.4535826	1.2408205	-0.8275915	0.405887	0.042189658	0.08070285	0.24671774	0.31298205	0.385725	1.2075918	0.369518	3.630666	0.5861915	72
